# Created by Octave 3.6.1, Sat Dec 01 02:26:30 2012 IST <mudit@mudit-Studio-1535>
# name: p1
# type: matrix
# rows: 1812
# columns: 1
 0.4528455432648017
 0.4514912063749384
 0.4493874848458941
 0.4520583417216001
 0.4510424616918032
 0.4524445043691881
 0.4539066074566809
 0.4574464652022428
 0.4620002038953206
 0.466387916963854
 0.4724904540657848
 0.473990797618687
 0.4763082437174083
 0.4810564321531472
 0.4855913940008933
 0.4887589857611129
 0.491047759046544
 0.4949932951325817
 0.4960199510351202
 0.4965260595605849
 0.4966373928058237
 0.4956470329350267
 0.4967592343033776
 0.4963643512916068
 0.4929047267026428
 0.4900540203420726
 0.4862958665246827
 0.4860225868120258
 0.4848867000143078
 0.4866510237823951
 0.4833062985445597
 0.4840556270780911
 0.4874804217117214
 0.4904913510388266
 0.4900157913458157
 0.4897052179760632
 0.4928503471401517
 0.4954227019780175
 0.4934811325669572
 0.4954779467593397
 0.4963196228414222
 0.4998363278681985
 0.4995213881221832
 0.5026435033345357
 0.5050578252299456
 0.5061628506816079
 0.5090448762688989
 0.5150009941885615
 0.5184128720521131
 0.5190424658648308
 0.518996317749675
 0.5197212103548781
 0.5209983437179992
 0.5253020803800085
 0.5244687014463705
 0.5227396464280176
 0.5225468644474389
 0.5239302772244928
 0.5231508862079923
 0.5259847020048403
 0.5252501483247016
 0.5249062207903233
 0.521748068052293
 0.5241277247481126
 0.5245413011526133
 0.5259653796251978
 0.5237167124227681
 0.5208286208248123
 0.5186470221613004
 0.5163615724653456
 0.5142099161830956
 0.5098389983107376
 0.5084855055220738
 0.5069256677052052
 0.5052770831571377
 0.5026741598021189
 0.5018366126376228
 0.5023919730719811
 0.5035645919206889
 0.5049111352782055
 0.5045089157212784
 0.5073966210847469
 0.507882141647337
 0.506865177113923
 0.5055532166499911
 0.5059339926466986
 0.5028921870017131
 0.5021046202656203
 0.5012589661241074
 0.4999093055853555
 0.496918576149611
 0.4970964909541953
 0.4940118801499806
 0.4941137959428788
 0.491404332484613
 0.4905476413993825
 0.4854438487656245
 0.4842903858594582
 0.4819423131160345
 0.4827154388218974
 0.4807699851853824
 0.4754149320076063
 0.4756291228694263
 0.4766322526819201
 0.4777976285101087
 0.4766148884072454
 0.4776132453563101
 0.4805121586699351
 0.4820935825488941
 0.4861833897467635
 0.4871043710147295
 0.4917161837410386
 0.4934414068886087
 0.4985768789051144
 0.4996923087436605
 0.5024107503160803
 0.5045152106912362
 0.5066016807805137
 0.5063008046209991
 0.5061340297855162
 0.5050005893481169
 0.5033515041203622
 0.5016955539676637
 0.5033300196724994
 0.5031094162306839
 0.5000641933398916
 0.5003366151089714
 0.4987505586238525
 0.4978898142654601
 0.4973287802982118
 0.4968013788721569
 0.4927393999625508
 0.4897224184426224
 0.487245933684876
 0.4848690785808581
 0.4832641612846655
 0.480577847091446
 0.4780525831152534
 0.476791728250494
 0.477428298632108
 0.4761713815173869
 0.4782962126688759
 0.4784970745000509
 0.4805683931003213
 0.4806492135848578
 0.4839423596345818
 0.4849479277032548
 0.48559342626526
 0.4862600213190457
 0.4836898964026659
 0.4816957353289252
 0.4842959521014759
 0.488093892822799
 0.4897630736570365
 0.4863359703942029
 0.4882611960125176
 0.4877182128487922
 0.4939235280339365
 0.4933329015279185
 0.4926864582209781
 0.4902706525558118
 0.4882395428753181
 0.4847263270359359
 0.4819716074116878
 0.4851400312115535
 0.4823511950806952
 0.4790230403247539
 0.4806688632063927
 0.4817287545173594
 0.4847380648433035
 0.48912126175381
 0.4926450022240072
 0.4924134871443071
 0.4924522651038279
 0.4960439873014216
 0.4952407961012304
 0.4975701895907996
 0.499483708884107
 0.5016178833351028
 0.5023881215717659
 0.5050913303781964
 0.5071869379061731
 0.5107608180316792
 0.5141603337728092
 0.5180404633602929
 0.5251389858197115
 0.5296311469061459
 0.5343495992181838
 0.5372370878858218
 0.5411841673934707
 0.5436470981584162
 0.5460146152153774
 0.5483982780184716
 0.5485707570084393
 0.5484606938963411
 0.5488272115357726
 0.5478416279458097
 0.5478811430778404
 0.549032610992587
 0.550491955703708
 0.549684711264722
 0.5499111347125424
 0.550409978138374
 0.5500252518414477
 0.5508522405270355
 0.5520827549007694
 0.5542397106888967
 0.5536349626638031
 0.5529221694873152
 0.5524894842657743
 0.5533942397171155
 0.5548054767064592
 0.5515055917252758
 0.5528346244188593
 0.5530233511167757
 0.5550111563643036
 0.5545602883449633
 0.5555377383353629
 0.5549056689992916
 0.5551556205558321
 0.5598331750709001
 0.5628516409153455
 0.5670992017185584
 0.5685347572342367
 0.5711400821662713
 0.571156509927894
 0.5753095384664804
 0.5762975672308827
 0.5781584258248937
 0.5791047448297583
 0.5773659781021178
 0.574155127558761
 0.5713033202633596
 0.5693030579068856
 0.5670724350043461
 0.5656077066601447
 0.5636753023643369
 0.5602412875979225
 0.557303045665562
 0.5578302452149525
 0.5578073497569125
 0.5576045558073537
 0.5580648774260151
 0.5586075201173095
 0.5577226944092429
 0.5589022080873196
 0.5579413565457797
 0.5591410838432007
 0.5598752263516255
 0.5635630133715261
 0.5627896783986435
 0.5630776989545786
 0.56394677190451
 0.5640157867583395
 0.5639508046325687
 0.5628315090840328
 0.5622198233541936
 0.562309910906192
 0.5605447346886678
 0.5587188323725552
 0.5576456616886981
 0.5565564735816753
 0.5533599228959727
 0.5505948492596353
 0.5479808348826752
 0.5483357517614981
 0.5457825299473207
 0.5421905389053679
 0.5388564317375349
 0.5360326136989945
 0.5354567052553291
 0.5330599322039509
 0.5312819941099609
 0.5295020636994088
 0.5295863638976257
 0.5277248055062891
 0.5278641066970655
 0.5288570631294619
 0.5298977098883884
 0.5291238374482934
 0.5291435684797705
 0.5292811306356843
 0.5292220256305551
 0.5266412497181524
 0.525904341185632
 0.5259919069553842
 0.5260591103822445
 0.5242805774010499
 0.522647676045664
 0.5217367733511793
 0.5224834201626578
 0.5232941991765232
 0.5227164767665281
 0.5230277852799031
 0.5237726520503148
 0.5227272885104423
 0.5231938036509641
 0.5234992847123399
 0.5261215266453073
 0.5271986941051418
 0.5309847382520835
 0.5328003090293654
 0.534675070515206
 0.5352613031944162
 0.5364569738292445
 0.5385379512201631
 0.5394912247735673
 0.5378524366072358
 0.5359717715330446
 0.534443151929652
 0.5319485803158758
 0.529557649852023
 0.5280404892913864
 0.5280086692092744
 0.524508378341513
 0.5234115631799843
 0.5226670682565967
 0.5226667854704
 0.5210486518072088
 0.5211594982199695
 0.5201885769912331
 0.5198064452267526
 0.5192164380961356
 0.5221344334827791
 0.521079437511488
 0.5221958427106234
 0.5193905410172698
 0.5185108773919718
 0.5159058233766897
 0.5152497945675645
 0.515114459928283
 0.5110728564543511
 0.5074915781699044
 0.5031744000341996
 0.5015914847307922
 0.5005281377911864
 0.4988178881080464
 0.4980591176163775
 0.4957027658082063
 0.493930938190063
 0.4931444202087283
 0.4954699561674145
 0.4941538152703185
 0.4920838971402594
 0.4896833154821548
 0.4899878268978566
 0.4927400666678204
 0.4922300712704032
 0.4931384966918432
 0.4884003689550658
 0.491011563065456
 0.4885680022349669
 0.4873974908373733
 0.4872057666174016
 0.4870483145799103
 0.4835986309293113
 0.4787479055182032
 0.4792759899214652
 0.4802806717907169
 0.4805912875419766
 0.4819931917030811
 0.4821853661449117
 0.4836257177199575
 0.4851559818595402
 0.4860752944292563
 0.4890209775965709
 0.4894913204715603
 0.4889079415334136
 0.486766278319916
 0.488365007764356
 0.4879026505583048
 0.4874543790470703
 0.4856381868281898
 0.4859907800012946
 0.4883338832452518
 0.4885016833936732
 0.4902770987931676
 0.4902704564021427
 0.492738992285923
 0.4934723116249708
 0.4951329047140638
 0.4951536479065501
 0.4956257683415566
 0.4960664719234341
 0.4961767643918834
 0.4949088172601019
 0.4941143481702757
 0.4930082941266447
 0.4944309995821282
 0.492949879789171
 0.4919277065163054
 0.4898450670037467
 0.4882096075117305
 0.4871730705959491
 0.4870402633719698
