# Created by Octave 3.6.1, Sat Dec 01 02:26:35 2012 IST <mudit@mudit-Studio-1535>
# name: th1
# type: matrix
# rows: 18
# columns: 10
 0.1661525747931626 0.5063771186773653 0.03316071290143958 -0.2479152379197214 0.6726898389833288 -0.1529093922247791 -0.6283230824228551 0.07974089102179092 -0.2755828675482956 0.5921231280632796
 -0.6811463400841973 -0.2143043917098745 0.642225961953606 -0.2512605876953629 0.07855430910161913 -0.2880326822399798 -0.5605974468879422 -0.5548697688800831 -0.5138015409808037 -0.6765169441685552
 0.08539357629968972 0.4759877330037142 -0.4603093642264938 -0.509427438354461 -0.2012578483066022 -0.5706402912873239 -0.473541442149525 -0.01047932419257486 0.575774292091257 -0.1417638353689315
 0.07436730711454742 0.7523356825820401 -0.6579208896198563 0.6203836081239279 -0.6216776694261876 -0.2369997748279687 0.857881494590217 0.2177915582161136 0.7223074648034905 0.6279384904613324
 -0.5565168037142411 -0.1131171282471728 -0.1925164566682818 0.06164121942230057 -0.3199154858289833 0.3512780083013148 -0.442213759699298 -0.355151261675653 -0.5023438933008487 -0.7944239435901179
 -0.6580055486022116 -0.8076700624688774 -0.1257586427803431 -0.1202195684273794 0.4042279796519033 0.4825552939696278 -0.7347183637301229 -0.852542299563707 0.5201487165256438 0.6781774234790726
 -0.4306856365480005 0.6245010549308485 0.4584159148469262 0.6690000290228519 0.4149219344809372 0.696138226538548 0.7551772909682163 -0.1039861526254673 0.6847854150147908 -0.5787514204406524
 -0.1183911163727644 -0.1503100280966831 0.654396409547395 -0.2753347111331049 -0.1180928272417173 -0.6254029273756679 0.506558832732565 0.8678550966971706 0.5347270845878989 -0.349944207183556
 -0.1845228128315514 -0.6139048471705124 -0.7512027702051526 -0.4193076579696029 0.3883989401714812 0.01556571702025643 0.0154311093923817 -0.492133370180979 -0.7466840762503257 -0.6591677502273063
 0.4517133921859318 -0.2140725817540895 0.01966850000928509 0.1873695192121763 -0.7252254508213076 -0.7433872157042059 -0.7668996090406672 -0.3951851685890253 -0.2250728616646879 0.6191978142938699
 -0.00669638356159548 0.6686171352265227 0.7544846643810574 -0.3478748231475737 -0.0047818718061412 -0.2392626457592524 0.07783588934544695 0.3521673263666851 -0.6669721595126015 0.4855460236487684
 -0.2695659933457855 0.8724651078183457 0.1603487513205644 0.8604374886086643 0.5606994763058574 0.7613631501058206 0.7022458822174892 0.7601454699893728 -0.1733489816397245 0.03803133843531759
 -0.2806137087171599 -0.3761781331645593 -0.3557469152123495 0.1256440063701722 0.06535819900018718 0.1958036792711149 -0.4876283741402525 -0.2218070252475261 -0.599153091036551 0.6619731495969614
 -0.930282406822706 0.7238003420749028 0.1710375830409585 0.07954789235144562 0.2102688783851487 0.5204389036688651 0.06884597192216846 -0.591308025748046 0.1234886529807547 0.594389636093106
 -0.2676393675544984 -0.7246430630726759 -0.1617316808687401 0.4845145496839443 -0.452015745731612 -0.5501450471307838 0.5340240014498696 0.6424821389914535 0.3999450387902196 0.7381156810790305
 -0.3465450110800929 5.255033813087351e-05 0.6184332207847554 -0.6934361000135479 0.07229034387890389 0.03103087466913381 0.2539913879843665 -0.269683916319476 0.385829137166443 -0.2560704492322382
 0.02005083150916424 0.5289398926165797 -0.3368211066554723 0.2077879615192367 0.6888212495208433 -0.4321135807702951 -0.7169838243086172 -0.4706655049787722 -0.2937605949705421 -0.6726993598415948
 -0.05907605812291122 0.7463196817368399 -0.4817399544928744 -0.04576212991593626 -0.7771813971971864 -0.250667621162146 -0.5637423830922375 -0.09575176709113219 -0.1318370277675779 -0.4153581188240302


