# Created by Octave 3.6.1, Sat Dec 01 02:26:39 2012 IST <mudit@mudit-Studio-1535>
# name: th2
# type: matrix
# rows: 1
# columns: 19
 0.05279408679054115 0.5050851754691731 0.4518025244158693 -0.634789861449367 -0.6274219898919761 0.3912779997066861 -0.4957279198819627 0.435496936406783 0.6899738710369631 -0.2337682682822624 0.07726709494787777 -0.3106006544286443 -0.8426019115241228 -0.7379802587218033 0.9580736355342933 0.3303514868703674 0.1708841420628071 -0.2227874908082707 -0.1769984818465609


