# Created by Octave 3.6.1, Sat Dec 01 03:28:34 2012 IST <mudit@mudit-Studio-1535>
# name: p1
# type: matrix
# rows: 1801
# columns: 1
 0.5510645639723475
 0.5482297537549121
 0.5426358012704035
 0.5400403871372396
 0.5412155329754884
 0.5431418546565356
 0.5376649906049693
 0.5381558745884266
 0.5387838900860505
 0.5330121189089976
 0.5342042252027351
 0.5379401787532651
 0.5370135027648376
 0.535639720436514
 0.5355801322818718
 0.5388492231042786
 0.5405113423992793
 0.5520951209779941
 0.5555937307705302
 0.5570968808171117
 0.5601586654413223
 0.5616186477228281
 0.5571432154368218
 0.5568431473570568
 0.5557582927064921
 0.5503873902523081
 0.5462776639700647
 0.5465059175656838
 0.5409504836004978
 0.5446932630475305
 0.5453132766080806
 0.5498442479479052
 0.5491208019349988
 0.5495961024275492
 0.55260502643959
 0.5516208813509064
 0.5477471091293777
 0.5477835794464687
 0.5471726639862532
 0.5404470211394948
 0.5321190029600468
 0.5390405426008785
 0.54047269397611
 0.5388280548061573
 0.5401946458730711
 0.5429886894809861
 0.5368828322900009
 0.5415505073686736
 0.5483932378299231
 0.5494266314001213
 0.5462046783698485
 0.5483585707734914
 0.5408882792502933
 0.543217418909947
 0.548671430348098
 0.5470276967927675
 0.5419035362058257
 0.5418437986804417
 0.5419904694278723
 0.539172728063514
 0.5425109305488185
 0.5459065124844871
 0.5465811740266932
 0.5489535830676737
 0.5515670862718813
 0.5557066043341979
 0.5606029245099071
 0.5640911802677452
 0.5607395214164183
 0.5579211553341262
 0.5547129483725075
 0.5490897772055435
 0.5431981033666036
 0.5434100960889164
 0.5404220517560497
 0.5414421311860621
 0.5446205124881121
 0.5440554922410613
 0.5421951755705166
 0.5498042295147028
 0.5465109358755085
 0.5469908908784882
 0.5506366621481125
 0.554787764679275
 0.5495228067339063
 0.5501336373995139
 0.547312747404501
 0.5470608247044466
 0.5495893162662726
 0.5514760107692535
 0.551781658607954
 0.5541532788767666
 0.558512309475647
 0.5594890868966846
 0.5616070482066676
 0.5610240184591452
 0.5545784764447343
 0.5577351079774651
 0.552938295314766
 0.5515793665416225
 0.5540773912857416
 0.5564272875018238
 0.550150702637935
 0.5476648922794642
 0.5449753427198958
 0.5423217402862165
 0.5364354488668707
 0.5343555882055373
 0.5349557044138549
 0.5340180885848895
 0.5341735901964255
 0.5415425263563727
 0.5427730196584402
 0.5451354964331324
 0.5500530543739424
 0.5485156874011911
 0.5458697580600181
 0.5473041136461591
 0.5518712734409683
 0.5478044253453077
 0.5466779933087585
 0.5478102852161414
 0.5418176956988394
 0.5419039768112544
 0.5489042978406083
 0.5504142129279531
 0.5514318029899824
 0.557838516359466
 0.5582028080858527
 0.5598457166498542
 0.5626680868404446
 0.5622687509517869
 0.5572373725508754
 0.5573185714356583
 0.5516528979241114
 0.5493696361557171
 0.5515846010615035
 0.5486380258289433
 0.54124284839701
 0.5406686730558312
 0.5426647785277553
 0.5462163105430163
 0.5480897581582381
 0.5539453462530259
 0.5470439645282429
 0.5515539218642039
 0.5546191243331188
 0.5532404243576536
 0.5478910310241638
 0.5446617289696748
 0.5339946058126611
 0.525852268625424
 0.5341471990183244
 0.5424348929699243
 0.5496759066700713
 0.5602050434293662
 0.5600071703380757
 0.5583072762749638
 0.5644012411955985
 0.5688069166169276
 0.5559742507220081
 0.5514872797760533
 0.5515495213227014
 0.5363339056335488
 0.5387731023769549
 0.5457933829020559
 0.5464533501985241
 0.5442391170967944
 0.5475557558515507
 0.5479677051467755
 0.5444611625472606
 0.5499811839211917
 0.5529953585204846
 0.5499803402873111
 0.5523059037663762
 0.5522419370369884
 0.5471020651848364
 0.5455045317748075
 0.5397703709302657
 0.5365091586515131
 0.5355149460047729
 0.5305335789743525
 0.5290872855689619
 0.5304677194867008
 0.5295325028246204
 0.5313014760136353
 0.5377405608596931
 0.5456542763102064
 0.5462233017114171
 0.5491634856344003
 0.549795498446507
 0.5443499584814214
 0.543223140791128
 0.5438976750987398
 0.5443887922160491
 0.5452370793640379
 0.5475422941494792
 0.5461321854160079
 0.5433303976876108
 0.547293604628743
 0.5448098147570555
 0.5432629863313464
 0.541552820776055
 0.5424298889629853
 0.5416601088957119
 0.5477540688271191
 0.5487918701982782
 0.5481474507087279
 0.5547180902011468
 0.5513602679903803
 0.55111945278408
 0.5518215122877618
 0.5506757057781968
 0.5425138674407438
 0.5418317050134546
 0.5427250832706639
 0.541296973748765
 0.5421992365862329
 0.5423462912878843
 0.5331458526198337
 0.5275136769843047
 0.5274961632607009
 0.5259286526003388
 0.5326079718030222
 0.5426592319523005
 0.5445037747618153
 0.5473981011340329
 0.552296318648265
 0.5531737471828144
 0.5535048604045646
 0.5563796794293465
 0.5564248774160453
 0.5485420789742715
 0.5497875034740343
 0.5477541340205283
 0.5449720935881187
 0.547361998483875
 0.5527120102453048
 0.5490705180972205
 0.547861937191031
 0.5461119860991041
 0.5442593158503815
 0.5411585098651923
 0.5411505391056732
 0.541909677927904
 0.5390061728463974
 0.5411057352992852
 0.5420256877836394
 0.5374616001872826
 0.5433905632473839
 0.5441933166247672
 0.5438939518932193
 0.5445231117632626
 0.543856518319748
 0.545556681357899
 0.5474934538827797
 0.5448117567396639
 0.5443211088705301
 0.5469962745481305
 0.5479498522426668
 0.5511666212270183
 0.5513688224451121
 0.5546153457579851
 0.5538066503550628
 0.5511793567734682
 0.5523232771070429
 0.5547570618180122
 0.5545370736003615
 0.554694659116188
 0.5514782635519822
 0.5485773497765709
 0.54576314453653
 0.5441306602001524
 0.540393567500449
 0.5416141390627718
 0.5440086962342637
 0.545706746711993
 0.5458962681110548
 0.5488137945251637
 0.5529322355782794
 0.5533491448700278
 0.5517600406553039
 0.5523233015222964
 0.5486453403293552
 0.5457080659832706
 0.5443316612006098
 0.5468492534417903
 0.5482935035776503
 0.5540517243801133
 0.554507433163044
 0.5538876160761406
 0.5519186311389271
 0.5486069874028752
 0.5433290501020521
 0.5408297805340843
 0.5392485482753999
 0.535197413187751
 0.5339236851532388
 0.5341181877199672
 0.534226193343937
 0.5390516032209829
 0.5448117244329749
 0.5464088034149492
 0.5502755090734429
 0.5499670196586616
 0.5496217409503974
 0.5497292706629433
 0.5542845151555278
 0.5529379527804876
 0.5512268524353047
 0.5506452066771381
 0.5525938114101981
 0.5479881227851156
 0.5506936413861634
 0.5510539536743126
 0.5483262249773978
 0.5423186502751042
 0.5435605922922805
 0.5431585928265977
 0.5419912958071023
 0.5434691430400598
 0.541548523038804
 0.5414845463445614
 0.5434902325652375
 0.5492069714617289
 0.5572131019095811
 0.5578976648438295
 0.5595550240195448
 0.5547490521064528
 0.5533557294859567
 0.55385092106843
 0.5530040754852128
 0.5533739960513102
 0.5485887875078188
 0.5476638375680497
 0.5514488887951605
 0.5553738344641832
 0.5517649691444924
 0.5544055564281097
 0.5497103155655817
 0.5451015280112288
 0.5428250869488606
 0.5475588101587826
 0.54723447010477
 0.5435870065603503
 0.546527152815133
 0.5455018417019424
 0.5497395784432264
 0.5618267085679589
 0.560982088987519
 0.5596295746663791
 0.5585557829077149
 0.5557395488130847
 0.5514833980933302
 0.549550854684757
 0.5520357944137777
 0.5439863639499131
 0.5403060362850263
 0.5394835112300025
 0.5407951909317885
 0.5441265453235501
 0.5463027335586507
 0.5481477068777285
 0.5513343265353592
 0.554864434912129
 0.553260581517156
 0.5541308536577394
 0.553191430357189
 0.5510875231525072
 0.5472910336871342
 0.5450076668782233
 0.5443552564994357
 0.5444000105836003
 0.5420864386737302
 0.5423552006109224
 0.5429276286627633
 0.5452600597996542
 0.5454526611313054
 0.5482577905810959
 0.5468939905741237
 0.5476598730816568
 0.5459622375407651
 0.5459891664161319
 0.54986237435609
 0.5510784915803305
 0.5523241201291589
 0.5542570479676855
 0.5510494630103361
 0.5517614094606835
 0.5521218704149117
 0.5536289642477613
 0.5498991652134838
 0.5465553272376544
 0.5441136536894653
 0.5415230679180206
