# Created by Octave 3.6.1, Sat Dec 01 03:28:42 2012 IST <mudit@mudit-Studio-1535>
# name: th1
# type: matrix
# rows: 40
# columns: 21
 -0.7812193179913015 -0.7828868015587771 0.628755642912178 -0.3829683921063106 0.1318080373325608 -0.7674960066692708 0.558245936719185 0.115346933768507 0.4413196354911343 -0.149295791370293 0.2062484508577 -0.05953129368655045 0.2373023121572031 0.1283736386971512 -0.6277772260421957 -0.1517928040033049 -0.2621928704827842 -0.8125771303983164 0.746976622713888 0.05705452352876188 -0.1281477529611635
 -0.2564550751669868 0.01006317203819675 -0.6194465312648948 -0.1249947558877917 -0.7471739878202724 -0.4464253644850295 -0.1014133398956081 -0.7443302960480885 -0.1497476355436426 -0.1758438072985002 0.6920607033133406 0.04529123087698948 -0.4355161534807617 0.2806306629018234 0.7294703041582851 0.1824112164209398 -0.1706651608935114 0.1019339678715861 -0.2051454165281812 0.3890578152054903 0.06851341118953931
 -0.1518670295857211 -0.0102453258960439 0.3136757305368576 -0.05822878068913242 -0.2009950695394846 -0.8208647060271976 0.5594975847165041 -0.1737642093830049 -0.03736750076237019 0.2283306721948228 -0.236062303701676 -0.05898585120341809 0.5493108071411569 -0.7886836547527984 0.6858181750095115 -0.5428777190923157 0.7098591826954491 0.1463390166685302 0.7595071017154884 0.5583828549826958 0.7024799175834547
 -0.7126865782458199 -0.2896811611259123 0.007336861180832566 0.5124106028332613 -0.5683130896113102 0.4507847954484677 0.4221268853037019 -0.6881246809774832 0.07233913365614203 0.7589913161999235 -0.3981844682593947 0.2365739535023848 -0.1816802118021291 -0.5452458212682428 0.60096266735682 -0.7434346047411421 0.5967584203016379 -0.8080874559829337 -0.2274282346145836 0.1995203972153605 0.1871906467115054
 -0.01911664416030817 0.7430413748320972 0.08810649756495226 -0.1066448503691002 -0.7701584869183019 -0.1437653979916554 0.4458157720522117 -0.7934004241327041 0.1691496420232816 0.7350770337688888 -0.6836760986023717 0.2952643040672482 0.4197816363215758 0.6897441693718208 -0.4156681427860499 0.6812312091449531 -0.09413058400023239 0.391520681749883 -0.6035257080828669 -0.2296208490545774 0.308985423004354
 -0.5095117852551898 0.6806217092083585 -0.2372068261948996 0.08887236464231592 -0.2504921247568742 0.07265680138945242 0.6621406175062892 -0.4306960903888035 0.4030032401261792 -0.3771754636687656 0.2181558504835531 -0.2029052089027579 0.5316853779372261 0.5523270451482361 0.3440469603036068 0.2862681669411895 0.5412397402613062 -0.143394828952619 0.6828596660247881 0.44066845820876 -0.5465961947832958
 0.6336459021964498 0.002757786322985565 0.6620493269878901 -0.6087991958229142 -0.6851277822711536 -0.4637346466019143 -0.5150830872958766 -0.1676331917872725 0.7048919700475 -0.03726869673747678 -0.08671470342888414 -0.5913131642696106 0.704080314052579 0.7323873483207048 0.6156844026646425 0.2156329593972131 0.1763308432960533 -0.6076277861868852 0.3026679321089967 -0.1355090930774622 0.4151800870470775
 0.2409400328249791 -0.3715341632127265 0.3681845980662927 0.2993145567180849 -0.5255001396045932 -0.4446992978784731 0.03706747258033362 -0.5239074863179874 0.1045961573052394 0.08421438232988576 0.08038156767308054 -0.4270278645629546 -0.6275468873285275 0.3427575626905632 -0.2584018557454308 0.3692201777022126 -0.3311636442881973 0.5792946838264256 0.3510010481264662 -0.6559737054182218 0.4378301439342608
 -0.2539865210413561 0.4078146620829414 0.6380446190621288 -0.0922532823112481 -0.4792982127719155 -0.3348436261620008 -0.1360690132172499 -0.4297749291937275 0.6740304545421618 0.0214902200589789 -0.8000380894321584 0.252111699150519 0.6080640745875554 -0.1070800428904705 -0.205484909126483 0.5374147323047462 -0.3558847640857175 -0.7540931606078952 0.09669831340705894 0.7000477553239541 0.1262060344577668
 -0.4780366973691266 0.6459951359654202 -0.3753215220082681 -0.1192147503107426 -0.1457992083329733 0.4074631866496562 0.139796489340415 0.4415959739792239 0.4814225752369097 -0.1326789366444275 -0.07794216175565762 0.7239927581903013 -0.03224943705153718 0.2043410312701728 -0.2544710175483396 -0.5550274949327612 -0.4738667581846522 0.3630392801046752 0.05587711725681631 0.5158254328533717 -0.263530543525564
 -0.1291621163415707 -0.7173049913591151 -0.7805144710559253 0.02846870220458379 0.1244132938296004 0.4420962171822767 -0.2343383541012344 0.4888002604640233 -0.1216156595378682 -0.7844521210055051 -0.4778532547015475 0.5760195443425672 -0.3844876496771397 -0.3388132042837193 0.305261920153662 -0.5762482257637883 0.3566675026655002 -0.4265773017495514 0.4895361064663053 0.1873358065944536 0.3641446524701323
 0.6051100854372726 -0.2857591001929704 0.3365052932648223 -0.1969982740594727 0.001849218772741885 -0.05780618893304741 -0.7165715571720542 0.07894603937177716 0.3075988921788973 -0.5275437157440931 0.4661475898775497 -0.7745214599190975 -0.3774527053023783 0.2777807110623075 -0.3967337486110862 -0.2222801279761163 -0.1119102818580261 -0.05974462137372742 -0.3785463658155296 -0.5931301226607559 0.3349579420244008
 -0.713495909745695 0.07504764778413912 -0.4121869920686046 0.2807102507250686 0.3720505426568555 0.6751972593574072 0.3569647997848485 0.2630231964345811 -0.7591238169459489 0.329316533484211 -0.2437027291276653 0.3284748972530895 0.5413315383942194 -0.1604288137510425 -0.2417247676750046 0.5029472679759982 0.2425046560831338 0.4795506547094717 -0.2810944858718873 0.2298464623928481 -0.5083261585153344
 0.3707187911412487 0.7275664043839309 -0.3999222171634311 0.1952366439706801 0.5429435056010371 -0.06662969630209382 -0.1189807442821057 0.3477826631361988 -0.5241622852545618 -0.3228830037744352 -0.6901075691156855 -0.1735695269351039 -0.1132209546294791 0.2575690710473417 0.1356051270503827 -0.7921828026536915 0.2636366798798216 0.5984157609292019 -0.169532035579324 -0.1321745533575101 0.6357999448045503
 -0.4467925522332545 0.4026173903132993 0.1946556595801963 0.1685247743811372 0.2469674084812272 -0.2646160982070141 -0.8143614609030786 0.5677311784789182 -0.7079946272417283 0.3408887455825328 0.620611675470071 -0.4243957782322566 -0.02316601912305508 0.2909898378194263 -0.1924877840007701 -0.1713502159770854 -0.1868318875752648 0.4622223856119217 -0.1001885494321826 0.06779875861270139 -0.0721926549180569
 -0.07523858283580916 -0.3197022699197543 -0.02372664049126428 -0.601538673193045 0.1612217126825847 0.1844460896145626 -0.6123683818280903 0.1696002726238492 0.1047274539904808 -0.5148583690865135 0.5417912945076307 -0.7585912112005 -0.5034249125033149 0.7451005150752926 -0.131748500710194 -0.1138569384616004 0.6254173681355836 -0.09407507767900637 -0.6932879798058268 -0.442957929384316 0.05895739195520448
 -0.4972930327592848 -0.2375554089738974 0.1140942474602258 -0.215826760146145 0.5237612229645254 0.03340818940551615 0.4272340237562331 -0.630202999728087 0.4535792324321539 -0.4214549197330855 0.1639365105825654 -0.448385557194506 -0.1825815524005685 0.6445525435203447 0.4042804891732152 -0.424883250987672 0.6639886643348474 0.4110464626727036 -0.3389474089970439 -0.01926193246712212 0.1954002863069974
 -0.3397184795921259 0.5741007550618014 0.6275948388302536 -0.5961597101936716 0.3102909566319549 -0.7841616841488124 0.08246170356171273 0.767480187479024 -0.1653906343954036 0.3517218412207186 -0.5590850161943491 -0.7197863794626987 0.4349842806302995 -0.03117940162497589 -0.2871734151960355 0.6995320888519756 0.531893530626906 -0.1760262119728581 -0.425177708620395 -0.7184740595918737 0.548243674217048
 0.4644872243282204 0.5629499068341353 -0.09164383231870048 0.5530937175874899 0.5142804836765209 0.3413068932008869 -0.5629129688477308 -0.6959184570128729 0.7608628999443564 0.3391107491057999 0.1248428270504026 -0.1543568138134949 -0.3188288955429965 -0.3777467915193864 -0.5602470117786169 -0.3632985195353064 0.145874721824402 0.5205119952438997 -0.2237734910090406 0.2566655927016818 0.1057945844356623
