# Created by Octave 3.6.1, Sat Dec 01 03:28:45 2012 IST <mudit@mudit-Studio-1535>
# name: th2
# type: matrix
# rows: 1
# columns: 41
 0.1426188297741408 -0.5807383765553613 -0.4933202264672522 0.2208529104429607 -0.2162085384575424 -0.4481856897061519 0.4344978701415476 -0.2117346831950225 0.5408390538415967 -0.14166751783204 0.4341097021884288 -0.4602653156801254 0.04325326664967506 0.1101092070674154 0.3356553672029662 -0.6439130908359729 0.2176767785949614 -0.003289823592421703 0.3043851401936823 0.2339125503794423 -0.1942324319700704 -0.06935948579218983 -0.04083819560219368 0.02907662911959954 0.6212575492957835 -0.2634032715656969 -0.2127510350821145 0.4269011554666289 -0.1577978580448242 -0.02087342482954108 -0.3556207931132395 0.3721296841977424 -0.7074139324846213 -0.07303294277687118 -0.4652644085833265 0.02861431496354917 0.3641952411002942 0.4742358886100629 -0.4261364233985697 0.3481414434243706 -0.2990234813254697


