# Created by Octave 3.6.1, Tue Dec 04 20:28:09 2012 IST <mudit@mudit-Studio-1535>
# name: st
# type: matrix
# rows: 51
# columns: 42
 6 0 6 0 6 0 6 0 6 0 6 0 6 0 6 0 6 0 6 0 6 0 6 0 6 0 6 0 6 0 6 0 6 0 6 0 6 0 6 0 6 0
 4 0.5 4 0.5 4 0.5 4 0.5 4 0.5 4 0.5 4 0.5 4 0.5 4 0.5 4 0.5 4 0.5 4 0.5 4 0.5 4 0.5 4 0.5 4 0.5 4 0.5 4 0.5 4 0.5 4 0.5 4 0.5
 2 0.3 2 0.3 2 0.3 2 0.3 2 0.3 2 0.3 2 0.3 2 0.3 2 0.3 2 0.3 2 0.3 2 0.3 2 0.3 2 0.3 2 0.3 2 0.3 2 0.3 2 0.3 2 0.3 2 0.3 2 0.3
 3 0.4 3 0.4 3 0.4 3 0.4 3 0.4 3 0.4 3 0.4 3 0.4 3 0.4 3 0.4 3 0.4 3 0.4 3 0.4 3 0.4 3 0.4 3 0.4 3 0.4 3 0.4 3 0.4 3 0.4 3 0.4
 2 0.3 2 0.32 2 0.34 2 0.36 2 0.38 2 0.4 2 0.42 2 0.44 2 0.46 2 0.48 2 0.5 2 0.52 2 0.54 2 0.5600000000000001 2 0.5800000000000001 2 0.6000000000000001 2 0.6200000000000001 2 0.6400000000000001 2 0.66 2 0.68 2 0.7
 3 0.4 3 0.416 3 0.434 3 0.454 3 0.476 3 0.5 3 0.526 3 0.554 3 0.5840000000000001 5 0.6 5 0.6 5 0.6 5 0.6 5 0.6 5 0.6 5 0.6 5 0.6 5 0.6 5 0.6 5 0.6 5 0.6
 2 0.3 2 0.3208 2 0.3434 2 0.3681 2 0.3952 2 0.425 2 0.4578 2 0.4939 2 0.5336000000000001 1 0.1 1 0.1 1 0.1 1 0.1 1 0.1 1 0.1 1 0.1 1 0.1 1 0.1 1 0.1 1 0.1 1 0.1
 3 0.4 3 0.41604 3 0.43434 3 0.455215 3 0.47904 3 0.50625 3 0.53734 3 0.5728650000000001 5 0.6 1 0.1 1 0.1 1 0.1 1 0.1 1 0.1 1 0.1 1 0.1 1 0.1 1 0.1 1 0.1 1 0.1 1 0.1
 2 0.3 2 0.320802 2 0.343434 2 0.36828225 2 0.395808 2 0.4265625 2 0.461202 2 0.50050275 1 0.1 1 0.145 1 0.15 1 0.155 1 0.16 1 0.165 1 0.17 1 0.175 1 0.18 1 0.185 1 0.19 1 0.195 1 0.2
 3 0.4 3 0.4160401 3 0.4343434 3 0.4552423375 3 0.4791616 3 0.506640625 3 0.5383606000000001 3 0.5751759625 1 0.1 1 0.16525 1 0.175 1 0.18525 1 0.196 1 0.20725 1 0.219 1 0.23125 1 0.244 1 0.25725 1 0.271 1 0.28525 1 0.3
 2 0.3 2 0.320802005 2 0.34343434 2 0.368286350625 2 0.39583232 2 0.42666015625 2 0.46150818 2 0.501311586875 1 0.14 1 0.1743625 1 0.1875 1 0.2018875 1 0.2176 1 0.2347125 1 0.2533000000000001 1 0.2734375 1 0.2952 1 0.3186625000000001 1 0.3439 1 0.3709875 1 0.4
 3 0.4 3 0.41604010025 3 0.434343434 3 0.45524295259375 3 0.479166464 3 0.5066650390625 3 0.5384524540000001 3 0.57545905540625 1 0.156 1 0.178463125 1 0.19375 1 0.211038125 1 0.23056 1 0.252563125 1 0.2773100000000001 1 0.305078125 1 0.33616 1 0.3708631250000001 1 0.40951 1 0.452438125 1 0.5
 2 0.3 2 0.3208020050125 2 0.3434343434 2 0.3682864428890625 2 0.3958332928 2 0.426666259765625 2 0.4615357362 2 0.5014106693921875 1 0.1624 1 0.18030840625 1 0.196875 1 0.21607096875 1 0.238336 1 0.26416603125 1 0.2941170000000001 1 0.32880859375 1 0.368928 1 0.4152336562500001 1 0.4685590000000001 1 0.5298162187500001 1 0.6
 3 0.4 3 0.416040100250625 3 0.43434343434 3 0.4552429664333594 3 0.47916665856 3 0.5066665649414063 3 0.5384607208600001 3 0.5754937342872657 1 0.16496 1 0.1811387828125 1 0.1984375 1 0.2188390328125 1 0.2430016000000001 1 0.2717079203125 1 0.3058819 1 0.3466064453125 1 0.3951424 1 0.4529486078125001 1 0.5217031000000001 1 0.6033254078125001 1 0.7
 2 0.3 2 0.3208020050125313 2 0.343434343434 2 0.3682864449650039 2 0.395833331712 2 0.4266666412353516 2 0.4615382162580001 2 0.501422807000543 1 0.165984 1 0.181512452265625 1 0.19921875 1 0.220361468046875 1 0.2458009600000001 1 0.276610148203125 1 0.3141173300000001 1 0.359954833984375 1 0.41611392 1 0.4850063166406251 1 0.5695327900000001 1 0.6731591374218752 5 0.7
 3 0.4 3 0.4160401002506266 3 0.4343434343434 3 0.4552429667447506 3 0.4791666663424 3 0.5066666603088379 3 0.5384614648774001 3 0.57549798245019 1 0.1663936 1 0.1816806035195312 1 0.199609375 1 0.2211988074257813 1 0.2474805760000001 1 0.2797965963320312 1 0.3198821310000001 1 0.3699661254882812 1 0.4328911360000001 1 0.5122553691445314 1 0.6125795110000001 5 0.695 1 0.7999999999999999
 2 0.3 2 0.3208020050125313 2 0.34343434343434 2 0.3682864450117126 2 0.39583333326848 2 0.4266666650772095 2 0.46153843946322 2 0.5014242938575665 1 0.16655744 1 0.1817562715837891 1 0.1998046875 1 0.2216593440841797 1 0.2484883456000001 1 0.2818677876158203 1 0.3239174917000001 1 0.3774745941162109 1 0.4463129088000001 1 0.5354170637728517 1 0.6513215599000001 1 0.76025 1 0.7999999999999999
 3 0.4 3 0.4160401002506266 3 0.434343434343434 3 0.4552429667517569 3 0.479166666653696 3 0.5066666662693023 3 0.5384615318389661 3 0.5754985028501483 1 0.166622976 1 0.1817903222127051 1 0.19990234375 1 0.2219126392462989 1 0.2490930073600001 1 0.2832140619502832 1 0.3267422441900001 1 0.3831059455871582 1 0.45705032704 1 0.555104504206924 1 0.6861894039100001 1 0.76025 1 0.8999999999999999
 2 0.3 2 0.3208020050125313 2 0.3434343434343434 2 0.3682864450127635 2 0.3958333333307392 2 0.4266666665673255 2 0.4615384595516898 2 0.5014244759975519 1 0.1666491904 1 0.1818056449957173 1 0.199951171875 1 0.2220519515854644 1 0.2494558044160001 1 0.2840891402676841 1 0.3287195709330001 1 0.3873294591903687 1 0.465640261632 1 0.5718388285758855 5 0.6899999999999999 1 0.8222375000000001 1 0.9999999999999999
 3 0.4 3 0.4160401002506266 3 0.4343434343434344 3 0.4552429667519146 3 0.4791666666661479 3 0.5066666666418314 3 0.538461537865507 3 0.5754985665991432 1 0.16665967616 1 0.1818125402480728 1 0.1999755859375 1 0.2221285733720054 1 0.2496734826496001 1 0.2846579411739947 1 0.3301036996531 1 0.3904970943927765 1 0.4725122093056 1 0.5860630042895028 1 0.721 1 0.8811256250000001 1 1.1
 2 0.3 2 0.3208020050125313 2 0.3434343434343434 2 0.3682864450127872 2 0.3958333333332296 2 0.4266666666604578 2 0.4615384613596521 2 0.5014244983097002 1 0.166663870464 1 0.1818156431116328 1 0.19998779296875 1 0.222170715354603 1 0.2498040895897601 1 0.2850276617630966 1 0.33107258975717 1 0.3928728207945823 1 0.47800976744448 1 0.5981535536460774 1 0.721 1 0.9370693437500002 1 1.2
 3 0.4 3 0.4160401002506266 3 0.4343434343434344 3 0.4552429667519181 3 0.4791666666666459 3 0.5066666666651145 3 0.5384615384078957 3 0.5754985744083951 1 0.1666655481856 1 0.1818170394002347 1 0.199993896484375 1 0.2221938934450317 1 0.2498824537538561 1 0.2852679801460128 1 0.3317508128300191 1 0.3946546155959367 1 0.482407813955584 1 0.6084305205991658 1 0.7489 1 0.9902158765625002 1 1.3
 2 0.3 2 0.3208020050125313 2 0.3434343434343434 2 0.3682864450127877 2 0.3958333333333292 2 0.4266666666662786 2 0.4615384615223687 2 0.5014245010429383 1 0.16666621927424 1 0.1818176677301057 1 0.1999969482421875 1 0.2222066413947674 1 0.2499294722523137 1 0.2854241870949084 1 0.3322255689810134 1 0.3959909616969526 1 0.4859262511644672 1 0.6171659425092909 1 0.77401 1 1.040705082734375 5 1.4
 3 0.4 3 0.4160401002506266 3 0.4343434343434344 3 0.4552429667519182 3 0.4791666666666659 3 0.5066666666665697 3 0.5384615384567106 3 0.5754985753650285 1 0.166666487709696 1 0.1818179504785475 1 0.1999984741210938 1 0.2222136527671221 1 0.2499576833513882 1 0.2855257216116904 1 0.3325578982867095 1 0.3969932212727144 1 0.4887410009315738 1 0.6245910511328973 1 0.796609 1 1.088669828597657 2 0.8999999999999999
 2 0.3 2 0.3208020050125313 2 0.3434343434343434 2 0.3682864450127877 2 0.3958333333333331 2 0.4266666666666424 2 0.4615384615370132 2 0.50142450137776 1 0.1666665950838784 1 0.1818180777153464 1 0.1999992370605469 1 0.2222175090219172 1 0.249974610010833 1 0.2855917190475988 1 0.3327905288006966 1 0.3977449159545358 1 0.4909928007452591 1 0.6309023934629627 1 0.8169481 1 1.134236337167774 4 0.8
 3 0.4 3 0.4160401002506266 3 0.4343434343434344 3 0.4552429667519182 3 0.4791666666666666 3 0.5066666666666606 3 0.538461538461104 3 0.5754985754822161 1 0.1666666380335514 1 0.1818181349719059 1 0.1999996185302735 1 0.2222196299620545 1 0.2499847660064998 1 0.2856346173809392 1 0.3329533701604876 1 0.3983086869659018 1 0.4927942405962072 1 0.6362670344435184 1 0.8352532899999999 1 1.177524520309385 2 1.1
