# Created by Octave 3.6.1, Tue Dec 04 20:30:07 2012 IST <mudit@mudit-Studio-1535>
# name: s
# type: matrix
# rows: 51
# columns: 42
 6 0 6 0 6 0 6 0 6 0 6 0 6 0 6 0 6 0 6 0 6 0 6 0 6 0 6 0 6 0 6 0 6 0 6 0 6 0 6 0 6 0
 4 0.5 4 0.5 4 0.5 4 0.5 4 0.5 4 0.5 4 0.5 4 0.5 4 0.5 4 0.5 4 0.5 4 0.5 4 0.5 4 0.5 4 0.5 4 0.5 4 0.5 4 0.5 4 0.5 4 0.5 4 0.5
 2 0.3 2 0.3 2 0.3 2 0.3 2 0.3 2 0.3 2 0.3 2 0.3 2 0.3 2 0.3 2 0.3 2 0.3 2 0.3 2 0.3 2 0.3 2 0.3 2 0.3 2 0.3 2 0.3 2 0.3 2 0.3
 3 0.4 3 0.4 3 0.4 3 0.4 3 0.4 3 0.4 3 0.4 3 0.4 3 0.4 3 0.4 3 0.4 3 0.4 3 0.4 3 0.4 3 0.4 3 0.4 3 0.4 3 0.4 3 0.4 3 0.4 3 0.4
 2 0.3 2 0.32 2 0.34 2 0.36 2 0.38 2 0.4 2 0.42 2 0.44 2 0.46 2 0.48 2 0.5 2 0.52 2 0.54 2 0.5600000000000001 2 0.5800000000000001 2 0.6000000000000001 2 0.6200000000000001 2 0.6400000000000001 2 0.66 2 0.68 2 0.7
 3 0.4 3 0.416 3 0.434 3 0.454 3 0.476 3 0.5 3 0.526 3 0.554 3 0.5840000000000001 5 0.6 5 0.6 5 0.6 5 0.6 5 0.6 5 0.6 5 0.6 5 0.6 5 0.6 5 0.6 5 0.6 5 0.6
 2 0.3 2 0.3208 2 0.3434 2 0.3681 2 0.3952 2 0.425 2 0.4578 2 0.4939 2 0.5336000000000001 1 0.1 1 0.1 1 0.1 1 0.1 1 0.1 1 0.1 1 0.1 1 0.1 1 0.1 1 0.1 1 0.1 1 0.1
 3 0.4 3 0.41604 3 0.43434 3 0.455215 3 0.47904 3 0.50625 3 0.53734 3 0.5728650000000001 5 0.6 1 0.1 1 0.1 1 0.1 1 0.1 1 0.1 1 0.1 1 0.1 1 0.1 1 0.1 1 0.1 1 0.1 1 0.1
 2 0.3 2 0.320802 2 0.343434 2 0.36828225 2 0.395808 2 0.4265625 2 0.461202 2 0.50050275 1 0.1 1 0.1 1 0.1 1 0.1 1 0.1 1 0.1 1 0.1 1 0.1 1 0.1 1 0.1 1 0.1 1 0.1 1 0.1
 3 0.4 3 0.4160401 3 0.4343434 3 0.4552423375 3 0.4791616 3 0.506640625 3 0.5383606000000001 3 0.5751759625 1 0.1 1 0.1 1 0.1 1 0.1 1 0.1 1 0.1 1 0.1 1 0.1 1 0.1 1 0.1 1 0.1 1 0.1 1 0.1
 2 0.3 2 0.320802005 2 0.34343434 2 0.368286350625 2 0.39583232 2 0.42666015625 2 0.46150818 2 0.501311586875 1 0.1 1 0.1 1 0.1 1 0.1 1 0.1 1 0.1 1 0.1 1 0.1 1 0.1 1 0.1 1 0.1 1 0.1 1 0.1
 3 0.4 3 0.41604010025 3 0.434343434 3 0.45524295259375 3 0.479166464 3 0.5066650390625 3 0.5384524540000001 3 0.57545905540625 1 0.1 1 0.1 1 0.1 1 0.1 1 0.1 1 0.1 1 0.1 1 0.1 1 0.1 1 0.1 1 0.1 1 0.1 1 0.1
 2 0.3 2 0.3208020050125 2 0.3434343434 2 0.3682864428890625 2 0.3958332928 2 0.426666259765625 2 0.4615357362 2 0.5014106693921875 1 0.1 1 0.1 1 0.1 1 0.1 1 0.1 1 0.1 1 0.1 1 0.1 1 0.1 1 0.1 1 0.1 1 0.1 1 0.1
 3 0.4 3 0.416040100250625 3 0.43434343434 3 0.4552429664333594 3 0.47916665856 3 0.5066665649414063 3 0.5384607208600001 3 0.5754937342872657 1 0.1 1 0.1 1 0.1 1 0.1 1 0.1 1 0.1 1 0.1 1 0.1 1 0.1 1 0.1 1 0.1 1 0.1 1 0.1
 2 0.3 2 0.3208020050125313 2 0.343434343434 2 0.3682864449650039 2 0.395833331712 2 0.4266666412353516 2 0.4615382162580001 2 0.501422807000543 1 0.1 1 0.1 1 0.1 1 0.1 1 0.1 1 0.1 1 0.1 1 0.1 1 0.1 1 0.1 1 0.1 1 0.1 1 0.1
 3 0.4 3 0.4160401002506266 3 0.4343434343434 3 0.4552429667447506 3 0.4791666663424 3 0.5066666603088379 3 0.5384614648774001 3 0.57549798245019 1 0.1 1 0.1 1 0.1 1 0.1 1 0.1 1 0.1 1 0.1 1 0.1 1 0.1 1 0.1 1 0.1 1 0.1 1 0.1
 2 0.3 2 0.3208020050125313 2 0.34343434343434 2 0.3682864450117126 2 0.39583333326848 2 0.4266666650772095 2 0.46153843946322 2 0.5014242938575665 1 0.1 1 0.1 1 0.1 1 0.1 1 0.1 1 0.1 1 0.1 1 0.1 1 0.1 1 0.1 1 0.1 1 0.1 1 0.1
 3 0.4 3 0.4160401002506266 3 0.434343434343434 3 0.4552429667517569 3 0.479166666653696 3 0.5066666662693023 3 0.5384615318389661 3 0.5754985028501483 1 0.1 1 0.1 1 0.1 1 0.1 1 0.1 1 0.1 1 0.1 1 0.1 1 0.1 1 0.1 1 0.1 1 0.1 1 0.1
 2 0.3 2 0.3208020050125313 2 0.3434343434343434 2 0.3682864450127635 2 0.3958333333307392 2 0.4266666665673255 2 0.4615384595516898 2 0.5014244759975519 1 0.1 1 0.1 1 0.1 1 0.1 1 0.1 1 0.1 1 0.1 1 0.1 1 0.1 1 0.1 1 0.1 1 0.1 1 0.1
 3 0.4 3 0.4160401002506266 3 0.4343434343434344 3 0.4552429667519146 3 0.4791666666661479 3 0.5066666666418314 3 0.538461537865507 3 0.5754985665991432 1 0.1 1 0.1 1 0.1 1 0.1 1 0.1 1 0.1 1 0.1 1 0.1 1 0.1 1 0.1 1 0.1 1 0.1 1 0.1
 2 0.3 2 0.3208020050125313 2 0.3434343434343434 2 0.3682864450127872 2 0.3958333333332296 2 0.4266666666604578 2 0.4615384613596521 2 0.5014244983097002 1 0.1 1 0.1 1 0.1 1 0.1 1 0.1 1 0.1 1 0.1 1 0.1 1 0.1 1 0.1 1 0.1 1 0.1 1 0.1
 3 0.4 3 0.4160401002506266 3 0.4343434343434344 3 0.4552429667519181 3 0.4791666666666459 3 0.5066666666651145 3 0.5384615384078957 3 0.5754985744083951 1 0.1 1 0.1 1 0.1 1 0.1 1 0.1 1 0.1 1 0.1 1 0.1 1 0.1 1 0.1 1 0.1 1 0.1 1 0.1
 2 0.3 2 0.3208020050125313 2 0.3434343434343434 2 0.3682864450127877 2 0.3958333333333292 2 0.4266666666662786 2 0.4615384615223687 2 0.5014245010429383 1 0.1 1 0.1 1 0.1 1 0.1 1 0.1 1 0.1 1 0.1 1 0.1 1 0.1 1 0.1 1 0.1 1 0.1 1 0.1
 3 0.4 3 0.4160401002506266 3 0.4343434343434344 3 0.4552429667519182 3 0.4791666666666659 3 0.5066666666665697 3 0.5384615384567106 3 0.5754985753650285 1 0.1 1 0.1 1 0.1 1 0.1 1 0.1 1 0.1 1 0.1 1 0.1 1 0.1 1 0.1 1 0.1 1 0.1 1 0.1
 2 0.3 2 0.3208020050125313 2 0.3434343434343434 2 0.3682864450127877 2 0.3958333333333331 2 0.4266666666666424 2 0.4615384615370132 2 0.50142450137776 1 0.1 1 0.1 1 0.1 1 0.1 1 0.1 1 0.1 1 0.1 1 0.1 1 0.1 1 0.1 1 0.1 1 0.1 1 0.1
 3 0.4 3 0.4160401002506266 3 0.4343434343434344 3 0.4552429667519182 3 0.4791666666666666 3 0.5066666666666606 3 0.538461538461104 3 0.5754985754822161 1 0.1 1 0.1 1 0.1 1 0.1 1 0.1 1 0.1 1 0.1 1 0.1 1 0.1 1 0.1 1 0.1 1 0.1 1 0.1
 2 0.3 2 0.3208020050125313 2 0.3434343434343434 2 0.3682864450127877 2 0.3958333333333333 2 0.4266666666666651 2 0.4615384615383312 2 0.5014245014187756 1 0.1 1 0.1 1 0.1 1 0.1 1 0.1 1 0.1 1 0.1 1 0.1 1 0.1 1 0.1 1 0.1 1 0.1 1 0.1
 3 0.4 3 0.4160401002506266 3 0.4343434343434344 3 0.4552429667519182 3 0.4791666666666667 3 0.5066666666666663 3 0.5384615384614995 3 0.5754985754965715 1 0.1 1 0.1 1 0.1 1 0.1 1 0.1 1 0.1 1 0.1 1 0.1 1 0.1 1 0.1 1 0.1 1 0.1 1 0.1
 2 0.3 2 0.3208020050125313 2 0.3434343434343434 2 0.3682864450127877 2 0.3958333333333333 2 0.4266666666666665 2 0.4615384615384499 2 0.5014245014238 1 0.1 1 0.1 1 0.1 1 0.1 1 0.1 1 0.1 1 0.1 1 0.1 1 0.1 1 0.1 1 0.1 1 0.1 1 0.1
 3 0.4 3 0.4160401002506266 3 0.4343434343434344 3 0.4552429667519182 3 0.4791666666666667 3 0.5066666666666666 3 0.538461538461535 3 0.5754985754983301 1 0.1 1 0.1 1 0.1 1 0.1 1 0.1 1 0.1 1 0.1 1 0.1 1 0.1 1 0.1 1 0.1 1 0.1 1 0.1
 2 0.3 2 0.3208020050125313 2 0.3434343434343434 2 0.3682864450127877 2 0.3958333333333333 2 0.4266666666666666 2 0.4615384615384605 2 0.5014245014244155 1 0.1 1 0.1 1 0.1 1 0.1 1 0.1 1 0.1 1 0.1 1 0.1 1 0.1 1 0.1 1 0.1 1 0.1 1 0.1
 3 0.4 3 0.4160401002506266 3 0.4343434343434344 3 0.4552429667519182 3 0.4791666666666667 3 0.5066666666666667 3 0.5384615384615382 3 0.5754985754985454 1 0.1 1 0.1 1 0.1 1 0.1 1 0.1 1 0.1 1 0.1 1 0.1 1 0.1 1 0.1 1 0.1 1 0.1 1 0.1
 2 0.3 2 0.3208020050125313 2 0.3434343434343434 2 0.3682864450127877 2 0.3958333333333333 2 0.4266666666666666 2 0.4615384615384615 2 0.5014245014244909 1 0.1 1 0.1 1 0.1 1 0.1 1 0.1 1 0.1 1 0.1 1 0.1 1 0.1 1 0.1 1 0.1 1 0.1 1 0.1
 3 0.4 3 0.4160401002506266 3 0.4343434343434344 3 0.4552429667519182 3 0.4791666666666667 3 0.5066666666666667 3 0.5384615384615385 3 0.5754985754985719 1 0.1 1 0.1 1 0.1 1 0.1 1 0.1 1 0.1 1 0.1 1 0.1 1 0.1 1 0.1 1 0.1 1 0.1 1 0.1
 2 0.3 2 0.3208020050125313 2 0.3434343434343434 2 0.3682864450127877 2 0.3958333333333333 2 0.4266666666666666 2 0.4615384615384616 2 0.5014245014245001 1 0.1 1 0.1 1 0.1 1 0.1 1 0.1 1 0.1 1 0.1 1 0.1 1 0.1 1 0.1 1 0.1 1 0.1 1 0.1
 3 0.4 3 0.4160401002506266 3 0.4343434343434344 3 0.4552429667519182 3 0.4791666666666667 3 0.5066666666666667 3 0.5384615384615385 3 0.5754985754985751 1 0.1 1 0.1 1 0.1 1 0.1 1 0.1 1 0.1 1 0.1 1 0.1 1 0.1 1 0.1 1 0.1 1 0.1 1 0.1
 2 0.3 2 0.3208020050125313 2 0.3434343434343434 2 0.3682864450127877 2 0.3958333333333333 2 0.4266666666666666 2 0.4615384615384616 2 0.5014245014245013 1 0.1 1 0.1 1 0.1 1 0.1 1 0.1 1 0.1 1 0.1 1 0.1 1 0.1 1 0.1 1 0.1 1 0.1 1 0.1
