# Created by Octave 3.6.1, Fri Nov 30 16:03:48 2012 IST <mudit@mudit-Studio-1535>
# name: p1
# type: matrix
# rows: 1811
# columns: 1
 0.4308688173973079
 0.4324137193113051
 0.4315123759521827
 0.4364222735995726
 0.4362040030317967
 0.4391236213284583
 0.4442744437393231
 0.4516975717321192
 0.4556607050693253
 0.4567658920959264
 0.4661181546568461
 0.4695779276122849
 0.4716845147802374
 0.4756318810793
 0.4799297778844536
 0.4871047915517915
 0.4893137213768765
 0.4899671585450208
 0.4895734918590769
 0.4887178571631897
 0.4889438131491674
 0.4871739555520266
 0.485325311024867
 0.4795140645939506
 0.4782130746041847
 0.4785474381189578
 0.4779713662266362
 0.4741667697005306
 0.4698509384031373
 0.4793062366181197
 0.4813531371032839
 0.4778194489139304
 0.4797893696464948
 0.4836352327433274
 0.4878015038657476
 0.4828879438044655
 0.4834519113296022
 0.488595496617817
 0.4880051734314098
 0.4891771742513702
 0.4942792874718872
 0.5003847683563297
 0.4982172567344679
 0.5001263650641119
 0.505714981765465
 0.5099902055684041
 0.5149912082458272
 0.5154998616707899
 0.5166630765049864
 0.5199859101008194
 0.5219517302152757
 0.5216779912224481
 0.5211101797053508
 0.5232586418369872
 0.5239997596589062
 0.5214705101239514
 0.5237418890512947
 0.526869082259752
 0.5265578376399799
 0.5236224965294827
 0.522849148792343
 0.525320720344736
 0.5239016478063322
 0.5245919033075759
 0.5218984928322914
 0.5228697210949154
 0.5227379420053442
 0.5172823994299491
 0.5099917690131202
 0.5058597739252659
 0.5044940937888729
 0.5019550856544873
 0.4997265258075486
 0.497911075051227
 0.5007910469846153
 0.5010364793768903
 0.4988593090463401
 0.4982844393342012
 0.5011288191667407
 0.5021341684191516
 0.5007373350550378
 0.5028089020698194
 0.5034136719574694
 0.5007862504263426
 0.4991138564703692
 0.4972904596618777
 0.4948640461758668
 0.4930251668436392
 0.4916161582517833
 0.4894459463611955
 0.4884149044242674
 0.4873479928184673
 0.4882171501753147
 0.4835354175245391
 0.474201098593615
 0.4745167574384596
 0.4727276852660548
 0.4712855480954143
 0.4650815958072096
 0.464541876983658
 0.4692359029402717
 0.4672293365685752
 0.4647011434752008
 0.463735846664041
 0.4666269650159974
 0.4669730916628402
 0.4707157742664491
 0.4724662054308062
 0.477164294572107
 0.4835706138505455
 0.486675649627352
 0.4918275511873239
 0.4918698761161531
 0.4961767312404237
 0.4981769710183119
 0.4972963004265603
 0.5016776656220937
 0.5024772236359115
 0.4987733756060471
 0.4989826944875551
 0.4984867242173169
 0.4976078359970861
 0.4954050224722413
 0.4958829090681128
 0.4952163308978522
 0.4928270145037829
 0.4929686511463179
 0.4924511306299308
 0.4904141171992472
 0.4853096636301562
 0.4821487128743756
 0.4789813131927714
 0.4749543117121129
 0.4713854689085245
 0.468828622843646
 0.4678463714751902
 0.4682118185779981
 0.4656028375777584
 0.4663714709118328
 0.466696403459054
 0.4664884123102964
 0.4689863620949419
 0.468731156244649
 0.4710319691426094
 0.4739016449042603
 0.4799613287021293
 0.4779447597850988
 0.4706393268076272
 0.4711570197410977
 0.473075726556175
 0.4763556065422755
 0.4743402892244298
 0.4775762206817012
 0.4823347391818435
 0.4857210768548983
 0.4861026631697083
 0.4816996785926192
 0.4874758922135294
 0.4817243362025468
 0.4749624894925767
 0.4717119650175047
 0.4721084070811157
 0.4733763425406012
 0.4689064240595271
 0.4741937806465993
 0.4732822352165942
 0.4712011196622425
 0.4773805723185487
 0.4769884470447228
 0.4799212754341146
 0.4828383760399866
 0.4864305594989785
 0.4883698309878919
 0.4864527175408844
 0.4898786805871347
 0.4926129472037987
 0.4922460896585816
 0.4955723492746519
 0.5008642930495012
 0.5026869980491253
 0.5061518817174295
 0.5080805710974152
 0.5156119325552231
 0.5219748327767301
 0.5266795339483616
 0.5349766950625992
 0.5396915039388337
 0.5446803174335403
 0.5473999728266298
 0.549414481788189
 0.5506223055771832
 0.5517150017324638
 0.5538872042140142
 0.5526472014818145
 0.5528650318617926
 0.5551388068121266
 0.5555582286555089
 0.5553109150029765
 0.5563576355496208
 0.5587739462282945
 0.5564561209958279
 0.5541973629950374
 0.5551815638794813
 0.5588246458531689
 0.5600751798600376
 0.5585393139368305
 0.5610472237356997
 0.5626441356473295
 0.5641057870346871
 0.5585051551012098
 0.557535664228739
 0.5587479821569173
 0.5562253302742725
 0.5610499904862756
 0.5622174958091494
 0.56356371911945
 0.5638662945843503
 0.5649214330089888
 0.5659786115531693
 0.5693463761153493
 0.5715402366720832
 0.5758790662566226
 0.5812028883449875
 0.5832703429434185
 0.5868852699381929
 0.5872156494482905
 0.5905955176653015
 0.5909727919398498
 0.5894853555348283
 0.5870918664289835
 0.582954085912713
 0.5788232261614285
 0.5767598622808532
 0.576452317974777
 0.5729124541320126
 0.5697450136413822
 0.5709851157367596
 0.5684157948782482
 0.5650649650593558
 0.5653573144429503
 0.5640015917394799
 0.5654675804616804
 0.5686733398887909
 0.5651381812383323
 0.5663185954874504
 0.5681701546436335
 0.5684569517377377
 0.5715448727953578
 0.5683213345885314
 0.5729031945239436
 0.5760360324316768
 0.5723646773977005
 0.5724666709221553
 0.5727568540394159
 0.5722048327904852
 0.5708908158508732
 0.5669523735539309
 0.5670433000662255
 0.5698873817334112
 0.5654208342888302
 0.5608007109343758
 0.5585073645896729
 0.5564383397968194
 0.5553216864556574
 0.5496547289972727
 0.5465369520066626
 0.5450684393943075
 0.5433501645043771
 0.5386340371022924
 0.5350401245006491
 0.5347394820302626
 0.5330650729607382
 0.5302425063660011
 0.5280210569995191
 0.5303827759064478
 0.5315789539245311
 0.5294072370299556
 0.5300565389696891
 0.5334597777777933
 0.5333467424480242
 0.5292716815093966
 0.5263281302211831
 0.5262678118880765
 0.5262337696656382
 0.5250868994448907
 0.5229716174782343
 0.5240206562375133
 0.52509437778505
 0.5238441877570327
 0.5221235970641246
 0.522294917949659
 0.523383945886907
 0.521813047321209
 0.5223343994894545
 0.5224512651306841
 0.5234747816085711
 0.5241799273113085
 0.5265544071323148
 0.5332142929703415
 0.5349193672685021
 0.536772242056047
 0.5384502355710594
 0.5404696661699797
 0.5413670035722146
 0.5391410819456695
 0.5394091992544954
 0.5410723594434148
 0.5373131762240385
 0.5341446771588151
 0.5330201894803648
 0.531729454345106
 0.5275040578815428
 0.5248621321711577
 0.5252361925676317
 0.52328403058208
 0.5220015668180648
 0.5218803953324892
 0.5219183813986763
 0.5201264056353758
 0.5178037389272964
 0.5197464027333056
 0.5186295610927406
 0.5203270015152767
 0.5233133493733704
 0.5197808209890612
 0.5194840700627256
 0.5148202621133349
 0.5148564745422858
 0.5114546902236043
 0.5054990765770588
 0.5048783959271808
 0.5004453220721332
 0.4972385429778914
 0.4949905367771232
 0.4948019839650463
 0.4939808180226593
 0.489123328226845
 0.4862250146860004
 0.4889296104693606
 0.4882577696815681
 0.4849637980988215
 0.4832137188333329
 0.4804783999304968
 0.4857860198627508
 0.4832489615282668
 0.4825517429006164
 0.4840592262069749
 0.4854739573731096
 0.4855045703223866
 0.4754587742349446
 0.478633268508121
 0.4791136512210355
 0.4746089289848795
 0.4717554572915386
 0.4695177678962418
 0.4716057152007246
 0.4686240782079037
 0.4671454671208831
 0.4715849891513366
 0.4733512752426657
 0.4737130604022217
 0.4741866355750392
 0.4780507896470778
 0.4801025964729192
 0.479116857283775
 0.476668085998567
 0.4782639791378908
 0.4807229293901707
 0.4770223009283346
 0.4759711516054064
 0.4758024153278904
 0.4784766534546351
 0.4788522152541106
 0.4795936346002287
 0.4807133846506265
 0.482658222654845
 0.4854620149901963
 0.4852247398172836
 0.4869110601114903
 0.4859223544266127
 0.4876887594681858
 0.4902141954392997
 0.4877851553253139
 0.4879676353506178
 0.4866633546815323
 0.4862376808092281
 0.486765235914907
 0.4840313779764873
 0.4853873538990445
 0.4828093419070684
 0.4786112305139605
 0.4785959321595022
 0.4780614613048149
 0.4770302247809676
 0.4761660194390016
