# Created by Octave 3.6.1, Fri Nov 30 16:04:00 2012 IST <mudit@mudit-Studio-1535>
# name: th2
# type: matrix
# rows: 1
# columns: 21
 0.6450486629344668 -0.1980220853636622 -0.3233942221269306 -0.4849821761014359 -0.4999542058446019 -0.8294611937293352 0.1038417505100654 0.2085661303069268 -0.598375235070829 0.5116985370110594 0.1212374753945106 0.3006547420339764 0.7886031665059072 -0.1849317597265095 -0.1428565780239355 -0.3625342547644281 -0.3680740550323177 -0.7312600156365632 -0.240554436575517 -0.4363327623888604 0.3494612423284866


