# Created by Octave 3.6.1, Fri Nov 30 15:01:31 2012 IST <mudit@mudit-Studio-1535>
# name: p1
# type: matrix
# rows: 1811
# columns: 1
 0.4261069655979511
 0.4297110350237326
 0.4312347008581022
 0.4305792740537523
 0.4343512265702244
 0.4355342526453516
 0.4417481816265638
 0.4442170732292747
 0.4512355775193561
 0.455565160887297
 0.4579236672344746
 0.4638095895411529
 0.4671489422530183
 0.4713486569654183
 0.4736538362776954
 0.4813132942432212
 0.4843495778613363
 0.4822707890030199
 0.4853947594793869
 0.4825250992339258
 0.4815369747292826
 0.4830974819387153
 0.4785933270268696
 0.4759597192310112
 0.4751544711741786
 0.4736623065712139
 0.4713131146195424
 0.4710972741256368
 0.4707582879258457
 0.4706001889923064
 0.4756479349622169
 0.4745979747135336
 0.4772485807745175
 0.4758222712983227
 0.4793777234783597
 0.4814748379439238
 0.4777326700689563
 0.4813908697418742
 0.4838685813861524
 0.4857952432234274
 0.490452767120572
 0.4906038192203838
 0.4961115840546687
 0.4957858248915609
 0.498204181454662
 0.5034272886278518
 0.5095783611920144
 0.5083620527991204
 0.510980069820121
 0.5153036351682371
 0.5126226854485862
 0.5153759767490714
 0.5182136377895266
 0.5145097197544145
 0.5172301964423197
 0.5190149378320461
 0.5172001671364743
 0.518855477703594
 0.5213438105621967
 0.5181265183860428
 0.5174694936747475
 0.5176452862969935
 0.5189761912931671
 0.5166601929006033
 0.5188182576485392
 0.5154774064820622
 0.5161794638334939
 0.5098451341462479
 0.5058448370838559
 0.5009432493153189
 0.497565775511466
 0.498042799142663
 0.4956765179575466
 0.494828776581561
 0.4953947814745124
 0.4958826498252262
 0.4931449792446706
 0.4949143057530787
 0.4939056618066068
 0.4945605601826529
 0.4978858615096183
 0.4964862049065785
 0.4956410941171203
 0.4965131583276242
 0.4945774761110982
 0.489352179024533
 0.4907651277895539
 0.4889460081597861
 0.4848146875196127
 0.4855168607322059
 0.4851203706729318
 0.481324803201871
 0.4823408268792859
 0.4773247308731303
 0.4717622279739667
 0.4692158160835217
 0.4682923081869842
 0.4634281107020614
 0.4666484155782958
 0.4607313458099193
 0.4626959609092907
 0.4638819790741198
 0.4608289755321019
 0.460383202986204
 0.4599844600535711
 0.4644678620545311
 0.464922673599977
 0.4689769939443424
 0.4733752695100665
 0.4780328980785407
 0.4818061521436901
 0.4846732817902444
 0.4883192526256164
 0.4872175507877207
 0.4927133175333583
 0.4918469495818706
 0.4957031155965715
 0.4948202906597283
 0.4944986882987565
 0.4948869982527475
 0.4915130031107573
 0.490946648064809
 0.493833575283343
 0.4883488167522646
 0.4892030416216114
 0.4906042673131153
 0.4863954976333723
 0.4859652909456011
 0.4854317816010761
 0.4808190494290523
 0.4757420421695218
 0.4752489058775208
 0.4696422200013605
 0.467367311661215
 0.4662219430612
 0.4640307910948039
 0.4631301010454247
 0.4634674403203544
 0.4617507500828011
 0.4615023105175661
 0.4630575585348699
 0.4635384328589414
 0.4643360656431249
 0.4662282245979422
 0.471845272760283
 0.4702868559115738
 0.4721058947168409
 0.4687341786832702
 0.4657605276916171
 0.4671644592333269
 0.4704045406158689
 0.4732703650640922
 0.4729305700793731
 0.4785525524484409
 0.4798430718449944
 0.4781766390398868
 0.4807404581063898
 0.4762711928688959
 0.4757081495109543
 0.4705487925248538
 0.470896687429841
 0.4640419425635037
 0.469394626396947
 0.471206624497564
 0.4656335548736998
 0.469969145173587
 0.4700901825233492
 0.4695228389207395
 0.4708877294482296
 0.4762132491665486
 0.4790473448575556
 0.4770158282269711
 0.484766558178455
 0.4830328629525734
 0.4814906793924284
 0.4884057186036244
 0.4875254566873991
 0.4909084371714641
 0.4949108086742294
 0.4976511166179834
 0.5000630871300471
 0.5050878306054898
 0.5079728740632512
 0.5162655546211441
 0.5219634817512633
 0.5278665333355136
 0.5333137478424392
 0.5368901871085184
 0.5411998655164922
 0.5401113387101459
 0.5442807048372625
 0.5453366530731724
 0.5453330954876544
 0.5473910862393786
 0.5480908877898724
 0.5479177691634566
 0.5488972134783189
 0.5507148739867985
 0.5503165415090765
 0.549634767508933
 0.5510283970663356
 0.5484718059465663
 0.549054088116754
 0.5515160057346876
 0.5533971467588513
 0.5541748952461097
 0.5548064072841877
 0.5562948387704508
 0.5544084505807698
 0.5544190747205389
 0.5506855851662154
 0.5503376783329967
 0.5524891905981844
 0.5547195218001333
 0.5564536486524503
 0.5562090133504544
 0.5615788342203131
 0.5555225001932
 0.560270550985484
 0.5636351572208492
 0.5637544628846278
 0.570274373915899
 0.5757056848607364
 0.5762057601302543
 0.579464682576629
 0.5834909194550258
 0.5795924317485716
 0.5849677220858802
 0.5821210130418319
 0.5792089096966834
 0.5759240111192852
 0.5738191571566815
 0.5704863016455506
 0.5691277100806715
 0.5681545200914093
 0.5656893900442954
 0.5638087457212683
 0.5615896138907733
 0.5605014558817455
 0.5584793667594296
 0.5570511445268271
 0.5609099192441009
 0.5609796667231854
 0.5584968402178085
 0.5625384023395815
 0.5612182641616618
 0.5602976117891791
 0.5656488434518148
 0.564508021056256
 0.5632448218685768
 0.5708134345655455
 0.5647125493524465
 0.5667144634565234
 0.5666579133835783
 0.5629963655787626
 0.5651762199145337
 0.5622458532556428
 0.560162015028805
 0.5625184809923489
 0.5588920246043804
 0.5552150359706731
 0.5531292802011817
 0.5487654798437402
 0.5478582397734119
 0.5455975650412
 0.5394918105204559
 0.5402900633518052
 0.5360865543931691
 0.5330244893652414
 0.530939384794791
 0.5280761685916506
 0.5261896794438764
 0.5255001428351667
 0.5243721610244269
 0.5227824173836639
 0.5256403376277275
 0.5246556774995178
 0.5252343268794598
 0.5259024857161627
 0.5255913869081575
 0.5237625355666814
 0.5211475753327584
 0.5188425516760359
 0.5203221878224971
 0.5194933695361638
 0.5184499352917293
 0.5187479865746015
 0.5192285454187089
 0.5171956997194652
 0.5176096333948347
 0.5163035978070399
 0.5154272648465211
 0.5173723714488317
 0.5165848857225995
 0.5161513512751493
 0.51789879994973
 0.5197941406952062
 0.5216945999814491
 0.5259402728402536
 0.5298477408860431
 0.5297686575501265
 0.5332378201419472
 0.5318154605543777
 0.5337467624898508
 0.5335141515872187
 0.5331117152171401
 0.5328715165160066
 0.5315991992819058
 0.5295058354890007
 0.5269661019885091
 0.5237055202688947
 0.523398887106314
 0.5204560931119379
 0.5174748650998501
 0.5186632905951689
 0.5172805962036896
 0.5159150099350843
 0.5150215949680303
 0.5153784916422589
 0.5126580567311838
 0.5126546114050083
 0.513939814814202
 0.5152891073980376
 0.5153327060385067
 0.515082249117334
 0.5123191838965184
 0.5108361953852264
 0.5053593056711928
 0.5070092618586518
 0.5004297740027039
 0.4989690551812324
 0.4961629412430569
 0.4918248688728408
 0.4925147257879555
 0.4884882032486449
 0.4879990924910206
 0.4856902257930149
 0.4826405104900354
 0.4823246889734317
 0.4819047229061028
 0.4811997656860411
 0.4780818882252186
 0.4778237780477759
 0.4782994768369848
 0.4796087964788875
 0.4774454795197744
 0.4812470086217502
 0.4783930134770411
 0.4764588996277817
 0.4770376261786992
 0.470232185529885
 0.4728216024142053
 0.4698272990727933
 0.4706033105732449
 0.4642032349265181
 0.4655687144355198
 0.4671116693924562
 0.4627246459754582
 0.4672445075963463
 0.4687695305338991
 0.4681469848103331
 0.4718215079221724
 0.4713728934949637
 0.4729905252635262
 0.4743717206670085
 0.4728802083488732
 0.4725657497696059
 0.4738539507556616
 0.4734661711706022
 0.4713598199701691
 0.4728732813377418
 0.4717967296020893
 0.4756508975460154
 0.4747366999995249
 0.4758711403624132
 0.4782112412193063
 0.4790501005486603
 0.480450038896304
 0.4804448582450726
 0.4819854661087067
 0.4815871169981097
 0.4843219655150818
 0.4827198064162834
 0.4828774317665807
 0.4820878211283785
 0.4802961554393098
 0.4816150790140366
 0.4803589509251603
 0.4784153727996937
 0.4784722980358083
 0.4740836127175312
 0.4744996586826645
 0.4722697385486077
 0.4722354550591078
 0.4738052643312403
