# Created by Octave 3.6.1, Fri Nov 30 23:44:18 2012 IST <mudit@mudit-Studio-1535>
# name: th1
# type: matrix
# rows: 2
# columns: 2
 -0.09907216024229552 -0.6725950372241749
 -0.4469764571400252 0.5304567111500647


