# Created by Octave 3.6.1, Fri Nov 30 23:44:24 2012 IST <mudit@mudit-Studio-1535>
# name: th2
# type: matrix
# rows: 1
# columns: 3
 -0.1544086966868353 -0.02784073478304919 0.5550994062053354


