# Created by Octave 3.6.1, Fri Nov 30 16:23:39 2012 IST <mudit@mudit-Studio-1535>
# name: p1
# type: matrix
# rows: 1811
# columns: 1
 0.4153792706807921
 0.4147258228433143
 0.4189395452173249
 0.4233065780346199
 0.427397229607385
 0.4307167998800122
 0.4402349778207729
 0.4435905501252339
 0.4495648783842247
 0.4590804731069101
 0.4632831744419017
 0.4653041013220182
 0.4663519232500209
 0.4759633535979053
 0.4778882276895922
 0.4769346245362061
 0.4854800380915852
 0.4863381200456923
 0.4856671787571115
 0.4865690680252012
 0.4803068866704222
 0.4764691243667121
 0.474647528184488
 0.4705199833492743
 0.4628165755929506
 0.4647381151305913
 0.4577533139019692
 0.4603450155409795
 0.4660637360161424
 0.4645796610791604
 0.4655628068925173
 0.4690226192646474
 0.4785869242332423
 0.4814928225375337
 0.4724799751686624
 0.4803679031771737
 0.4813867753208391
 0.4790966328569108
 0.4764860679703741
 0.4810428091871249
 0.4862791783174037
 0.4891749963175061
 0.4921127161789725
 0.5001732086411528
 0.5045476395655675
 0.5022531376721755
 0.5080722947120797
 0.5180193532519609
 0.5137131641842078
 0.5167752986674582
 0.5172065050279238
 0.512748082652042
 0.5173055327300963
 0.5204975752635262
 0.5115521899824254
 0.5147084003664311
 0.5171197519426273
 0.5167690871066358
 0.515270861361841
 0.52279886027194
 0.5183197995345147
 0.5162932966745827
 0.5146446232777249
 0.5145519925075654
 0.516771918874155
 0.5144473103073088
 0.5115155798055168
 0.5071762571288778
 0.5031625615968126
 0.4980916964294031
 0.4902129022727096
 0.4823359247201214
 0.4837445228594988
 0.4849825622214256
 0.4839287246135332
 0.4884302299968901
 0.4902347780248423
 0.494158091607189
 0.4960531428851987
 0.4939359808982696
 0.4928738603860743
 0.4978044514504651
 0.4940214434319276
 0.490301457136838
 0.4918239145198646
 0.4898137631356491
 0.4806071862976274
 0.4832192536095785
 0.4797255115734225
 0.4749268508319758
 0.4752543567517043
 0.478152645517452
 0.4700810953826051
 0.4745004683272175
 0.4691252334559503
 0.4628007137097982
 0.459703816277258
 0.449959981232429
 0.452477465467763
 0.4549249632156759
 0.4502286773714678
 0.4494638443751265
 0.455451695288398
 0.4592860841784203
 0.4567455929110912
 0.4580519954295251
 0.4595230947239415
 0.4665167793341735
 0.4675522203755281
 0.4776645871183025
 0.4811362453199843
 0.4868603248662772
 0.4943935986173749
 0.4945396662690315
 0.4943136844549803
 0.495781333457201
 0.493100611900877
 0.494998659294319
 0.4901640196208886
 0.490449110264043
 0.4911097289908059
 0.4825129621909301
 0.4855489851561628
 0.4880169728941051
 0.4822835610222335
 0.4813130953677389
 0.4854984679306926
 0.4797766320910519
 0.4780030006893425
 0.4795616269678963
 0.4720137699286466
 0.4652402147582004
 0.4614963005186551
 0.4554068709762273
 0.4531581371313724
 0.4531466549217716
 0.4496853069088464
 0.4527153217241751
 0.4541097806204736
 0.4578237439293379
 0.4562696349881735
 0.4608904701615789
 0.4620615710744496
 0.4616454266809678
 0.4673744014430978
 0.4689684978212722
 0.4684634771548833
 0.4700275076392378
 0.4685316058634267
 0.4622531602055659
 0.4557532417477559
 0.4663868113436156
 0.4676460226452298
 0.4728442126421258
 0.4730891942113593
 0.4798921907364047
 0.4826169115278389
 0.4831272999922446
 0.4781110149983684
 0.4648397920632955
 0.4655680239433244
 0.456275641699765
 0.4461169411618853
 0.4563223293096822
 0.4590032888124249
 0.4592789274266031
 0.4626876396803379
 0.4710770692030921
 0.472430210410889
 0.4709075871638173
 0.4840938208337505
 0.4793298174248184
 0.4766509045880112
 0.4855890734740688
 0.4837783486780757
 0.4809558113549508
 0.488050638678486
 0.4879339098976777
 0.4920499741836209
 0.496233039351087
 0.4996239646845837
 0.5084015407301323
 0.5112689534845082
 0.5182637368183205
 0.5256638492700897
 0.5358115864094812
 0.5429119197980038
 0.5461198991720857
 0.5520164182787807
 0.5529110482267404
 0.5503902927347242
 0.5510566722876555
 0.5483390286700902
 0.5457342500010497
 0.5461014381299794
 0.5482012726013276
 0.5461673851847003
 0.5493924176750252
 0.5544742928998961
 0.5527681176059048
 0.5519107686451336
 0.5529726241994999
 0.5522626490234132
 0.5485088417401347
 0.5509671132732478
 0.5543424722794628
 0.5572429897477795
 0.5592042533038188
 0.5556417049392117
 0.5595484128895051
 0.5560253139651508
 0.5542476931455104
 0.5470210252339949
 0.5489235129766723
 0.5554686188377584
 0.5537860598412145
 0.5612490138229521
 0.5663756381592077
 0.5626083490392577
 0.5660029658200577
 0.5745050312118455
 0.5703274015376122
 0.5805212648581933
 0.5843892200503978
 0.5848463428705247
 0.5920888863265766
 0.5939188999424468
 0.5902979291079123
 0.5908114931021611
 0.587196262508515
 0.5778439306182744
 0.5717749763607743
 0.5670136671712028
 0.5610918591583812
 0.5602062953469795
 0.5616814495650017
 0.5605107976336475
 0.5598799737841298
 0.5579464089692933
 0.5616598644548862
 0.5598544725745053
 0.5561436461035907
 0.5609136550752813
 0.5623648806610088
 0.557690859263069
 0.5691136268809945
 0.5622487645437999
 0.5623690376233363
 0.5735430802248112
 0.5676582769680254
 0.5687797780309074
 0.5729511567336107
 0.5682800320389729
 0.5718138067154908
 0.5669802072080093
 0.5612756516428021
 0.5650169598173214
 0.5607806516020135
 0.5559300573982024
 0.5583351495571568
 0.5539980528909669
 0.5544537249881379
 0.5483690933323994
 0.5404894365889211
 0.5414264185951645
 0.5382993390439518
 0.5330819798504222
 0.5294244091854189
 0.5270141220176455
 0.5244825221441698
 0.5255128269836128
 0.520282422852836
 0.5184642097676131
 0.5211171273493439
 0.5199517033241202
 0.5180815626120715
 0.5228093603530202
 0.5252512401974564
 0.5266203891271062
 0.5248020017457296
 0.5248236752244514
 0.5243026882572508
 0.5198031925345474
 0.5125954332295943
 0.5127547100339183
 0.5137677554419863
 0.5128472797881811
 0.5140171985125341
 0.5140979418925377
 0.5152189940763986
 0.5180990525065308
 0.5155063633916699
 0.5137579174331273
 0.5146258965247563
 0.5158246322234485
 0.5116399764700517
 0.5174819339883274
 0.519953522449817
 0.5235494422789466
 0.5304332530868896
 0.5351547944848196
 0.5395119158895342
 0.5403360644982487
 0.5369700608967203
 0.5375988404510699
 0.5357487392475129
 0.5315306509373072
 0.5277574919303488
 0.5246249117741623
 0.5247791734759328
 0.5181219008238139
 0.5159266797931448
 0.5164834796817294
 0.5145337556303113
 0.509243691450937
 0.5117995070904705
 0.5130716495779538
 0.5111442330587834
 0.5108079174262442
 0.5135803490891535
 0.508706328008827
 0.5113836106206947
 0.5095053786898416
 0.5146868378984384
 0.5129746497353674
 0.5115859781941423
 0.5129200282079653
 0.5030770772110916
 0.5002749647836625
 0.4971523084946451
 0.4905256797179279
 0.4869079651757924
 0.4802204731853396
 0.4800822443984769
 0.4805351043742451
 0.4782354344069625
 0.4790278577616426
 0.4802154322002795
 0.4757504051089856
 0.4748711421931193
 0.4733513349751393
 0.4762408152513335
 0.4740431581852492
 0.4671346766822373
 0.4731039170666539
 0.4696773754326935
 0.4781490771676923
 0.4762834111126285
 0.4720520003111973
 0.4731008912326772
 0.4711551868580618
 0.4662082798482856
 0.4581595387868798
 0.4614087618469427
 0.4617249337372542
 0.4502680921905475
 0.4545248428148118
 0.4583439554707904
 0.4580221838315983
 0.4633021540817238
 0.4648357676781207
 0.4684976691704058
 0.4723871066147702
 0.4720520670388583
 0.4709301236542395
 0.4759122143411563
 0.4706850423950262
 0.4669887388434713
 0.4661370592704375
 0.4660329503857106
 0.4674312345287741
 0.4643638780941597
 0.4659469409768923
 0.4697148257647152
 0.4743548101067317
 0.4743387680493677
 0.4782497294624664
 0.4790350519082716
 0.4796551716313063
 0.4821163384678283
 0.4799072276362458
 0.4791637479926355
 0.4805009503986883
 0.4773558112356331
 0.4804482557075926
 0.4751567280958683
 0.4741035494441849
 0.4759705320172954
 0.4729611612057533
 0.4724595298971614
 0.4699123325566765
 0.466792614246966
 0.4663719026852943
 0.4622750028760198
