# Created by Octave 3.6.1, Fri Nov 30 16:23:46 2012 IST <mudit@mudit-Studio-1535>
# name: th1
# type: matrix
# rows: 20
# columns: 11
 -0.1697651528834765 -0.4719316412581666 -0.2714398149109466 0.01490090075611389 0.3747836853247622 0.7177962575235559 -0.3547424553965725 -0.1189514605824964 0.0795142991918935 0.8213380521770028 0.5199292721021117
 0.5611678261157114 -0.2937279539292801 -0.5181785517857671 -0.03212431713721427 -0.3112358615917001 -0.4523515055661168 0.2971082950854563 0.4522492911751199 0.2567638382575663 0.5853989599038435 -0.5342379103444992
 -0.7348794818684828 0.3945100935478953 0.240281419881385 0.1632193871656611 -0.6864368640908912 0.456180486225954 0.8947040225583421 0.04524496003051656 0.1610215739946255 -0.6856783025398761 0.8362347174734696
 -0.5345975572251677 -0.3024265943296502 -0.1526308520274778 -0.5661485807398576 -0.227244428099476 -0.1365089243926833 0.4197065684027696 -0.1962252826423791 0.3283948850336523 -0.01336707445346591 0.7394232230015337
 0.4517001830006782 0.6973561686177769 0.3502726471473448 -0.2858810010659665 0.2636896817503617 -0.05824985298627455 0.7433514596628972 0.6212206215863599 0.5667812848832999 -0.2630888597840836 -0.06979229288820803
 0.5146955274305005 -0.7480720131047649 0.219253769238594 -0.6470808670326422 -0.2751782065018628 -0.4855374010017343 -0.08961493486499311 0.5966450731809372 -0.1503071431784331 -0.684932690862005 0.07591537863072249
 0.1127145830899547 -0.4227625407302998 0.07150712752580855 0.4401671848016691 -0.01254083387378893 0.5370044117930602 -0.8855341126063926 -0.4209410865073288 -0.1486936626473968 -0.3363715683816146 0.5533457159542763
 0.1104066341947541 0.6741328794236967 0.002463148899745931 -0.1860153161195346 -0.05787647635082143 0.6622605205113276 -0.442409682660546 -0.13453739014133 -0.4872537702446604 0.2974587960306262 -0.4317236250751857
 0.4050873738863805 -0.4559427550291951 -0.3807383703091954 0.6350767436195159 -0.5604563606178393 0.1936974602987815 0.03451994235205773 0.09262621400358732 0.1238617056047907 0.4199042615130723 -0.6052285240265929
 0.7505293365010509 0.4342314268794266 0.2110905293913016 -0.6332971310294636 0.6298297494160399 -0.7985041282493335 -0.2749521393462198 0.505361436777344 -0.7044732122269021 -0.3073564955927554 -0.2644927294810387
 0.4343631599224594 0.1164874737359458 -0.5942216044206651 0.3406924573207435 -0.6631028835035935 -0.5020999201874052 -0.6104783991666398 -0.4818404085020647 -0.4993793612142814 -0.163127249032498 -0.5619888965671863
 0.5147244644398387 0.3373169243939028 0.4692154465919238 -0.6981143647321758 0.186265663483411 0.3940325532405149 0.6138480447910676 -0.5504153103558626 -0.3386786684489598 -0.4450572774352212 0.4192709722534821
 -0.1257513552662061 0.16812605566536 -0.1130702337873626 0.2258226347542447 0.08944296102051874 0.3286337175673946 -0.4562643497697406 0.7356096098860163 -0.6792896655898337 -0.03925821459794333 0.06935068538786431
 0.1220102609631516 -0.316704233838001 0.7387418874290178 0.07711511603297684 -0.005338535225043145 0.6334566235402319 -0.3192480858974845 -0.5209902177892652 -0.2234187401328305 -0.7145543311281701 -0.6643801251405609
 0.5147694058036041 0.5136382253583209 -0.05872775418779592 -0.03295118957595077 0.7793866695750963 -0.5438274958169083 0.3102143395052898 0.03091148378760047 -0.3723656322015905 0.54993168120403 0.01994982764038685
 0.5119292777064475 -0.2618242673985005 0.6375063680207468 0.1019493064331368 0.174843804874024 0.7431125548763142 0.6463305233437142 0.3774915071804414 0.7720633844964122 0.2633807846052711 0.09123211778627865
 0.1734256669770675 -0.006971821733968036 0.5132196671635276 0.6265555371192356 -0.02266893604509067 -0.5508113492249344 0.08957212838832133 0.09504848997250467 0.3341641285696818 -0.194207688116997 0.1170948961602696
 0.1609714978163723 -0.615583388786775 0.7459110597056131 0.6294518233577173 -0.4146735401125311 0.0695451624207962 0.3546619873485625 -0.2427043598149983 0.3532000547711122 -0.05133140743741885 0.2408620722859281
 0.8224318148013667 0.8068127459459854 -0.7647223986465356 -0.09479925868648238 -0.6131773648437163 -0.2689873304196492 -0.5139200551244767 -0.2163746724385444 -0.3411654992116909 0.1972183858115474 -0.1605701439001847
 0.7251890189286506 0.1879001294624358 -0.5892402216806951 -0.3685704288817329 0.2001465489064991 0.21446111248188 -0.4236974039354545 -0.1408945500922839 -0.2682249921193714 -0.2814793361090745 0.3410834818672186


