# Created by Octave 3.6.1, Fri Nov 30 16:23:53 2012 IST <mudit@mudit-Studio-1535>
# name: th2
# type: matrix
# rows: 1
# columns: 21
 0.7167361839696864 0.4378312039086978 0.4203334872953471 0.7148979300925196 -0.4156388741186722 -0.6235423788767247 -0.1037523994091251 -0.7397691596207319 -0.681466404420545 0.1372196881404777 -0.8519680356822241 0.1501618668314536 0.2769011250851593 0.0913654198021516 -0.1493974340453411 -0.1360037857282453 -0.458994683979227 0.6662819442469394 0.3028266618820621 -0.4415837446866072 -0.2777305259103898


