# Created by Octave 3.6.1, Mon Dec 03 03:46:42 2012 IST <mudit@mudit-Studio-1535>
# name: mat
# type: matrix
# rows: 51
# columns: 22
 7 0 7 0 7 0 7 0 7 0 7 0 7 0 7 0 7 0 7 0 7 0
 5 0.5 5 0.5 5 0.5 5 0.5 5 0.5 5 0.5 5 0.5 5 0.5 5 0.5 5 0.5 5 0.5
 6 0.6 6 0.6 6 0.6 6 0.6 6 0.6 6 0.6 6 0.6 6 0.6 6 0.6 6 0.6 6 0.6
 3 0.3 3 0.3 3 0.3 3 0.3 3 0.3 3 0.3 3 0.3 3 0.3 3 0.3 3 0.3 3 0.3
 6 0.6 6 0.63 6 0.6599999999999999 6 0.6899999999999999 6 0.72 6 0.75 6 0.78 6 0.8100000000000001 6 0.84 6 0.87 6 0.8999999999999999
 3 0.3 3 0.363 4 0.4 4 0.4 4 0.4 4 0.4 4 0.4 4 0.4 4 0.4 4 0.4 4 0.4
 6 0.6 6 0.6363 1 0.1 1 0.1 1 0.1 1 0.1 1 0.1 1 0.1 1 0.1 1 0.1 1 0.1
 3 0.3 3 0.36363 1 0.1 1 0.1 1 0.1 1 0.1 1 0.1 1 0.1 1 0.1 1 0.1 1 0.1
 6 0.6 6 0.636363 1 0.12 1 0.13 1 0.14 1 0.15 1 0.16 1 0.17 1 0.18 1 0.19 1 0.2
 3 0.3 3 0.3636363 1 0.124 1 0.139 1 0.156 1 0.175 1 0.196 2 0.2 2 0.2 2 0.2 2 0.2
 6 0.6 6 0.63636363 1 0.1248 1 0.1417 1 0.1624 1 0.1875 2 0.2 1 0.24 1 0.26 1 0.28 1 0.3
 3 0.3 3 0.363636363 1 0.12496 1 0.14251 1 0.16496 1 0.19375 1 0.22 1 0.24 1 0.26 1 0.28 1 0.3
 6 0.6 6 0.6363636363 1 0.124992 1 0.142753 1 0.165984 1 0.196875 1 0.22 1 0.268 1 0.3080000000000001 1 0.3520000000000001 1 0.4
 3 0.3 3 0.36363636363 1 0.1249984 1 0.1428259 1 0.1663936 1 0.1984375 1 0.232 1 0.2876 1 0.3464 1 0.4168000000000001 1 0.5
 6 0.6 6 0.636363636363 1 0.12499968 1 0.14284777 1 0.16655744 1 0.19921875 1 0.2392000000000001 1 0.30132 1 0.37712 2 0.4520000000000001 2 0.5
 3 0.3 3 0.3636363636363 1 0.124999936 1 0.142854331 1 0.166622976 1 0.199609375 1 0.2435200000000001 1 0.3109240000000001 1 0.4016960000000001 4 0.49 4 0.5
 6 0.6 6 0.63636363636363 1 0.1249999872 1 0.1428562993 1 0.1666491904 1 0.1998046875 1 0.2461120000000001 1 0.3176468000000001 2 0.408 1 0.5068 1 0.6
 3 0.3 3 0.363636363636363 1 0.12499999744 1 0.14285688979 1 0.16665967616 1 0.19990234375 1 0.2476672000000001 1 0.3223527600000001 1 0.4264 1 0.5068 1 0.6
 6 0.6 6 0.6363636363636362 1 0.124999999488 1 0.142857066937 1 0.166663870464 1 0.199951171875 1 0.2486003200000001 1 0.3256469320000001 1 0.4264 1 0.5561200000000001 1 0.7
 3 0.3 3 0.3636363636363636 1 0.1249999998976 1 0.1428571200811 1 0.1666655481856 1 0.1999755859375 1 0.2491601920000001 1 0.3279528524000001 1 0.4411200000000001 1 0.600508 2 0.7
 6 0.6 6 0.6363636363636364 1 0.12499999997952 1 0.14285713602433 1 0.16666621927424 1 0.19998779296875 1 0.2494961152000001 1 0.3295669966800001 1 0.4528960000000001 1 0.6404572000000001 1 0.7999999999999999
 3 0.3 3 0.3636363636363636 1 0.124999999995904 1 0.142857140807299 1 0.166666487709696 1 0.199993896484375 1 0.2496976691200001 1 0.3306968976760001 1 0.4623168000000001 2 0.641 1 0.7999999999999999
 6 0.6 6 0.6363636363636364 1 0.1249999999991808 1 0.1428571422421897 1 0.1666665950838784 1 0.1999969482421875 1 0.2498186014720001 1 0.3314878283732001 1 0.4698534400000001 1 0.6769000000000001 1 0.8999999999999999
 3 0.3 3 0.3636363636363636 1 0.1249999999998362 1 0.1428571426726569 1 0.1666666380335514 1 0.1999984741210938 1 0.2498911608832001 1 0.3320414798612401 1 0.4758827520000001 1 0.6769000000000001 1 0.9999999999999999
 6 0.6 6 0.6363636363636364 1 0.1249999999999672 1 0.1428571428017971 1 0.1666666552134206 1 0.1999992370605469 1 0.2499346965299201 1 0.3324290359028681 4 0.48 1 0.70921 2 1
 3 0.3 3 0.3636363636363636 1 0.1249999999999934 1 0.1428571428405391 1 0.1666666620853682 1 0.1999996185302735 1 0.2499608179179521 1 0.3327003251320077 1 0.4840000000000001 1 0.738289 4 1
 6 0.6 6 0.6363636363636364 1 0.1249999999999987 1 0.1428571428521618 1 0.1666666648341473 1 0.1999998092651367 1 0.2499764907507713 1 0.3328902275924054 1 0.4840000000000001 1 0.7644601 6 1
 3 0.3 3 0.3636363636363636 1 0.1249999999999998 1 0.1428571428556485 1 0.1666666659336589 1 0.1999999046325684 1 0.2499858944504628 1 0.3330231593146838 1 0.4872000000000001 1 0.78801409 5 1.1
 6 0.6 6 0.6363636363636364 1 0.125 1 0.1428571428566946 1 0.1666666663734636 1 0.1999999523162842 1 0.2499915366702777 1 0.3331162115202787 1 0.4897600000000001 2 0.80921 7 1.2
 3 0.3 3 0.3636363636363636 1 0.125 1 0.1428571428570084 1 0.1666666665493854 1 0.1999999761581421 1 0.2499949220021667 1 0.3331813480641951 1 0.4918080000000001 1 0.8282889999999999 5 1.7
 6 0.6 6 0.6363636363636364 1 0.125 1 0.1428571428571025 1 0.1666666666197542 1 0.199999988079071 1 0.2499969532013 1 0.3332269436449365 1 0.4934464000000002 1 0.8282889999999999 6 1.7
 3 0.3 3 0.3636363636363636 1 0.125 1 0.1428571428571308 1 0.1666666666479017 1 0.1999999940395355 1 0.2499981719207801 1 0.3332588605514556 1 0.4947571200000002 1 0.8454600999999999 3 1.2
 6 0.6 6 0.6363636363636364 1 0.125 1 0.1428571428571392 1 0.1666666666591607 1 0.1999999970197678 1 0.2499989031524681 1 0.3332812023860189 1 0.4958056960000001 4 0.85612 6 1.8
 3 0.3 3 0.3636363636363636 1 0.125 1 0.1428571428571418 1 0.1666666666636643 1 0.1999999985098839 1 0.2499993418914809 1 0.3332968416702133 1 0.4966445568000001 1 0.8705079999999999 4 1.4
 6 0.6 6 0.6363636363636364 1 0.125 1 0.1428571428571425 1 0.1666666666654657 1 0.1999999992549419 1 0.2499996051348886 1 0.3333077891691493 1 0.4973156454400001 1 0.8705079999999999 1 1.1
 3 0.3 3 0.3636363636363636 1 0.125 1 0.1428571428571428 1 0.1666666666661863 1 0.199999999627471 1 0.2499997630809332 1 0.3333154524184045 1 0.4978525163520001 1 0.8834571999999999 1 1.1
 6 0.6 6 0.6363636363636364 1 0.125 1 0.1428571428571428 1 0.1666666666664745 1 0.1999999998137355 1 0.2499998578485599 1 0.3333208166928832 1 0.4982820130816001 1 0.89511148 2 1.2
 3 0.3 3 0.3636363636363636 1 0.125 1 0.1428571428571429 1 0.1666666666665898 1 0.1999999999068678 1 0.249999914709136 1 0.3333245716850183 1 0.4986256104652801 1 0.905600332 1 1.3
 6 0.6 6 0.6363636363636364 1 0.125 1 0.1428571428571429 1 0.1666666666666359 1 0.1999999999534339 1 0.2499999488254816 1 0.3333272001795128 1 0.4989004883722241 1 0.9150402988 1 1.3
 3 0.3 3 0.3636363636363636 1 0.125 1 0.1428571428571429 1 0.1666666666666544 1 0.1999999999767169 1 0.249999969295289 1 0.333329040125659 1 0.4991203906977794 1 0.9235362689200001 1 1.4
 6 0.6 6 0.6363636363636364 1 0.125 1 0.1428571428571429 1 0.1666666666666617 1 0.1999999999883585 1 0.2499999815771734 1 0.3333303280879614 1 0.4992963125582235 1 0.9311826420280001 2 1.5
 3 0.3 3 0.3636363636363636 1 0.125 1 0.1428571428571429 1 0.1666666666666647 1 0.1999999999941793 1 0.2499999889463041 1 0.333331229661573 1 0.4994370500465788 1 0.9380643778252 4 1.5
 6 0.6 6 0.6363636363636364 1 0.125 1 0.1428571428571429 1 0.1666666666666659 1 0.1999999999970896 1 0.2499999933677825 1 0.3333318607631012 1 0.4995496400372631 1 0.94425794004268 1 1.6
 3 0.3 3 0.3636363636363636 1 0.125 1 0.1428571428571429 1 0.1666666666666664 1 0.1999999999985448 1 0.2499999960206695 1 0.3333323025341708 1 0.4996397120298105 2 0.9454601 1 1.6
 6 0.6 6 0.6363636363636364 1 0.125 1 0.1428571428571429 1 0.1666666666666665 1 0.1999999999992724 1 0.2499999976124017 1 0.3333326117739196 1 0.4997117696238484 1 0.95091409 2 1.7
 3 0.3 3 0.3636363636363636 1 0.125 1 0.1428571428571429 1 0.1666666666666666 1 0.1999999999996362 1 0.2499999985674411 1 0.3333328282417437 1 0.4997694156990787 1 0.95091409 1 1.8
 6 0.6 6 0.6363636363636364 1 0.125 1 0.1428571428571429 1 0.1666666666666667 1 0.1999999999998181 1 0.2499999991404647 1 0.3333329797692206 1 0.499815532559263 1 0.955822681 1 1.8
 3 0.3 3 0.3636363636363636 1 0.125 1 0.1428571428571429 1 0.1666666666666667 1 0.1999999999999091 1 0.2499999994842788 1 0.3333330858384544 1 0.4998524260474104 1 0.9602404129 1 1.9
 6 0.6 6 0.6363636363636364 1 0.125 1 0.1428571428571429 1 0.1666666666666667 1 0.1999999999999545 1 0.2499999996905673 1 0.3333331600869182 1 0.4998819408379284 1 0.96421637161 1 2
 3 0.3 3 0.3636363636363636 1 0.125 1 0.1428571428571429 1 0.1666666666666667 1 0.1999999999999773 1 0.2499999998143404 1 0.3333332120608428 1 0.4999055526703428 1 0.967794734449 2 2
