# Created by Octave 3.6.1, Sat Dec 01 00:58:04 2012 IST <mudit@mudit-Studio-1535>
# name: th1
# type: matrix
# rows: 10
# columns: 6
 -0.4318371277044585 0.6150491065953654 0.6610541114291042 0.6235087526225712 -0.4166431363254449 0.6782731357534322
 0.701378151259119 0.40004892482402 0.3503672490876444 -0.02501511714560894 0.06841222886390678 -0.4810307112233947
 0.3059914364074826 -0.3148512717850075 0.2392581351196515 -0.4561971775974631 0.545984018277756 -0.1024948290653321
 0.413887891917667 0.3945549808568325 -0.5191478058506872 -0.5596056573856071 0.02129474081796049 -0.6934553975929891
 0.3789842147531721 0.371356227490717 -0.2330405522143478 -0.3578752822356102 -0.8559434281834899 -0.3720776275812159
 -0.8023793456232121 0.02075844896844056 0.2440432788752641 0.5829577602571623 -0.249319923959469 -0.2433036225410941
 0.647177736564345 0.3249192266223125 0.6636207643376113 -0.8408103696858531 -0.734812876219179 -0.697060493916858
 0.04151013075182045 -0.002942028686126594 0.796700646584246 0.3406248330966588 -0.5906784494691052 0.03645452637202264
 0.2881096089094647 0.01804584032014817 0.2938551572014675 0.5590943123478755 -0.1952627826677762 0.1574352815612813
 0.2019345442475124 -0.1402529805073206 -0.3758272123155174 0.3246794278534427 0.04858693641716876 0.7696264673016812


