# Created by Octave 3.6.1, Sat Dec 01 00:58:15 2012 IST <mudit@mudit-Studio-1535>
# name: th2
# type: matrix
# rows: 1
# columns: 11
 -0.8243541156487846 0.590582779473521 0.2652697941002163 0.03288924748291885 -1.399275862722409 -0.7878944851747806 0.4039690719323025 -0.4948557003629617 0.3305689445952332 0.6756787773741566 0.4348520388340044


