# Created by Octave 3.6.1, Fri Nov 30 15:46:04 2012 IST <mudit@mudit-Studio-1535>
# name: th1
# type: matrix
# rows: 20
# columns: 11
 -0.3043362748882493 0.1280089024085543 0.0672593164248074 -0.4302536020846264 0.7569090776270132 -0.7154808230013251 -0.06654084067638363 0.7270815786093058 0.1958863690441633 0.1659587856055914 -0.4241818507830704
 0.7543290568455014 0.2205723956807822 0.1491128424468727 0.6099051476279769 0.3749554952384559 0.3402090392466107 0.6671721355062484 -0.6127325754395467 -0.4357479389937398 0.205397053905476 0.6338601515476351
 -0.5500518548113129 -0.4078842542781806 -0.2567688915106661 -0.772018659286957 -0.2503746751456691 0.3834421765891583 -0.5012581091818359 0.6878396299170316 -0.7059991545781409 0.03051822718408202 -0.4955259053846318
 0.4171301960934677 -0.4778151636138224 0.3586108417275387 0.107694705563517 -0.4758830019710553 0.5418718675527872 0.2283433863563111 0.6619323005478227 -0.775472808771332 0.2001280672595813 -0.2989834401403696
 -0.02842689184225418 -0.4075325571220549 -0.3465455488332346 -0.4288269418161331 -0.01378357605743569 -0.602435435821954 0.1865120277434341 0.1732873285145697 -0.1006130866019609 -0.6699714781257291 -0.389125684135032
 0.2191516844001623 0.5849280906535491 -0.7219119623683832 0.2391486859256761 -0.1208362147229103 -0.7170438799610555 0.1660919526637064 0.464164249214535 -0.2589809803567892 0.5297100402605768 0.6951500802274652
 0.686633467785407 -0.6724089572863431 0.7110471577768809 -0.6661516809505208 0.1426373676000646 -0.4544134053131563 0.4530829334729412 -0.4743175888483558 0.3696991059931682 -0.3877108061299753 -0.6997251256355076
 0.7143299033474264 -0.02675915693085205 0.134847042791074 -0.5771906432181949 -0.3026722452113266 -0.4269226823525494 -0.774682516053302 0.6311323186101532 0.5334596789117526 -0.08346669747764701 -0.6129455972244593
 0.1966019440290367 0.3850598339132217 0.02917131897297406 -0.09676630625801677 0.7683811721048988 0.4755707285519118 -0.2050453470091438 0.529151281943165 -0.05144309646086884 -0.5570467290779914 -0.3305853636975662
 0.6596916551702912 0.2014702444883711 -0.702231678435343 0.5489603355990766 0.08362912288237563 -0.7051156766088267 -0.3551830902351353 -0.1674035218410694 0.5785620212523875 -0.7711089908332958 -0.04202336830520764
 -0.1614828924257758 0.5672963932695287 -0.6343777303463466 -0.08939331878418567 0.5715730678249163 0.4788253510989648 -0.1431445615027093 -0.2861291524017633 -0.1444412237728698 0.1835231260796885 -0.2986412149998413
 0.3842497121315117 -0.6074666844409904 -0.2857663400579838 -0.6735483390645126 -0.5836007783407768 -0.05379362912265952 -0.1732991474082992 -0.4693219878323946 -0.716491118841267 -0.2980121937144822 -0.3269757532212266
 0.4688141531978334 -0.05744922585630909 -0.1221112108573937 0.7058869442535609 -0.200820953581281 0.7754206846020121 -0.4971989249704182 0.1508001357913658 0.7219216137826787 -0.09565148793376455 0.5431182630765288
 -0.7422524679100341 0.5346884701654843 0.03223489237899933 -0.4943323963488328 0.5649057706767919 -0.1359679962348606 -0.04802774420793436 0.3331274769268937 0.2541741675219646 0.8215440797660502 -0.6567782114024514
 -0.311411541756684 0.5992657240113027 0.05422582047607667 0.6523750784735921 0.2858853746170492 -0.4824976390143927 -0.3774219389217794 0.4072370630155095 0.1691696004488511 0.2291543313191235 0.2855284624505329
 -0.3259950760711304 0.6533247411693176 -0.229515516431163 -0.7003815706828423 -0.7599915170697187 0.7821076222642442 0.04300213272123337 -0.4976842407860744 0.3463614458505976 0.5774610122297509 -0.06813258552179763
 -0.6919677879836333 0.3732607702075328 0.8096793483176471 -0.7122356523603268 0.4693953284433054 0.07161270626755674 0.3532746938959593 0.4337520301563523 -0.4179106419260535 0.5128378894532822 -0.4887291750734685
 -0.2025459418694225 0.7028463797219116 -0.3590169878133746 -0.07010921475790911 0.3889737842378579 0.2969014154757966 -0.3716530325176271 -0.6608283032547708 0.113133860345794 0.2665644240223244 -0.7264531787216817
 0.3544811979476445 -0.6248178531143189 0.6372970817418588 -0.390226725141544 -0.1315872637470915 0.194596306908006 0.7163541452995439 0.7857227401292363 0.4816738182049834 0.1219510684967741 0.6931798706846493
 -0.722044651463941 0.08776679019829833 -0.6834345410920775 0.5258528025039383 -0.1480225246494062 0.220514048953988 0.7840533161127913 -0.6291215191657625 -0.2701374614028899 0.0199183052594164 -0.2812282661415937


