# Created by Octave 3.6.1, Fri Nov 30 15:46:08 2012 IST <mudit@mudit-Studio-1535>
# name: th2
# type: matrix
# rows: 1
# columns: 21
 -0.634122541091983 0.4910685766715577 0.6008350670179288 -0.3477567278274367 -0.3619338195120438 -0.6467922461757798 -0.2413335818495013 0.4795535901309107 -0.46342833800434 0.6307122656722057 -0.6930676908744815 0.05152625265001986 -0.1948277626035973 -0.1705228821806005 0.4182671147148213 0.3613343330707967 -0.6245909380772352 0.7930256873582884 0.5709045344227135 -0.4719118167295482 0.2169164717922986


