# Created by Octave 3.2.4, Sat Sep 29 16:45:13 2012 IST <mudit@mudit-Studio-1535>
# name: f
# type: matrix
# rows: 1334
# columns: 4
 -0.0089342693 -0.0015783707 -0.0041014524 -0.000537344
 -0.0052875328 -0.0018126933 -0.0030702254 -0.0005078502
 -0.0062492998 -0.0026387376 -0.0022647028 -0.0004813991
 0.0140553948 -0.0008075884 -0.001375528 -0.0004365945
 -0.0136382167 -0.0040635188 -0.0021790659 -0.0005449472
 0.0128999937 0.0002962366 -0.0018073885 -0.0005655329
 -0.0007047913 0.0012169477 -0.0012033032 -0.0005691301
 -0.0106040733 0.0003330732 -0.0006075929 -0.0006242409
 0.003226573 -0.0018138989 -0.0008087936 -0.000745483
 -0.0036026378 0.0002115912 4.82584423667234e-05 -0.0008197812
 -0.0093832103 -0.0042184852 -0.000854183 -0.0009946222
 -0.0243622127 -0.008915092899999999 -0.0028744403 -0.0012331395
 -0.0030420318 -0.0074267226 -0.0044202139 -0.001395679
 0.0002986392 -0.008079350399999999 -0.0056686692 -0.0015402281
 0.0158620958 -0.0042749273 -0.0065857438 -0.0016067416
 0.0027599954 -0.0018083741 -0.0061256987 -0.0016081786
 0.0094932273 0.0050793209 -0.0033341099 -0.0014546951
 -1.26227563049979e-05 0.0056536287 -0.0007053451000000001 -0.0013242509
 -0.0127365219 0.0029906685 0.0015271037 -0.0012524373
 -0.0014703626 -0.0004168859 0.0022956138 -0.0012353844
 -0.0143539445 -0.0038171142 0.0018825684 -0.0012686068
 0.0054562461 -0.0046613977 -5.76358586850641e-05 -0.0013011653
 0.0089539511 -0.0029032936 -0.0017597803 -0.0013078241
 -0.0039442175 -0.0011086246 -0.0025824952 -0.0012740497
 -0.0025456088 -0.0013235858 -0.002768488 -0.001225446
 -0.0019978604 0.0011654741 -0.0017728675 -0.0011422473
 0.0158857261 0.0032502569 -0.0001868136 -0.0009907378000000001
 -0.0066108978 0.0001257897 0.0004210526 -0.0008631588
 0.0054646907 0.0020123823 0.0010460143 -0.0007530733
 0.007980653000000001 0.0041217095 0.0021361009 -0.0006343595
 0.0010354581 0.0047094119 0.0028465086 -0.0005156391
 0.0072785529 0.0030292489 0.0028031404 -0.0005597512
 0.0206384391 0.008508430000000001 0.0044844216 -0.0005466272
 -0.005914183 0.006154912 0.0053112819 -0.0005045306
 0.0192058457 0.008434934200000001 0.0061781518 -0.0003873302
 0.0103302532 0.0102717867 0.0072976873 -0.0002544129
 0.0016901206 0.0090996802 0.0085020336 -0.0001008343
 -0.0074790288 0.0035017302 0.0074826719 -4.00094502912237e-05
 -0.0038460611 0.003883683 0.0070121921 -3.11926717358839e-05
 0.0004841267 0.000216799 0.005360592 -0.0001327489
 0.0031815927 -0.001204178 0.0030784881 -0.0002025745
 0.0042688662 -0.0006920315 0.0011358588 -0.0002793354
 -0.0021974063 0.0003740041 0.0005132579 -0.0003400555
 0.0172088042 0.0045925 0.0006566716 -0.0002530273
 0.0079382919 0.0060865369 0.0018342939 -9.731030009140779e-05
 -0.0042019766 0.0045677139 0.0029919226 -4.36811710101071e-06
 -0.0023338048 0.0032356002 0.0037737007 0.000109861
 -0.0107275348 0.0015083921 0.0039897657 0.0002918346
 -0.004096305 -0.0026859538 0.0025274681 0.0003728796
 0.0112721996 -0.0020554522 0.0009064935 0.0004667471
 -0.008810520400000001 -0.0029743098 -0.0005955627 0.0005355354
 0.0041393501 -0.0016869755 -0.0015780429 0.0006022955
 -0.0006671909 0.0003436935 -0.0018148139 0.000609477
 0.0162855576 0.0044211471 -0.0003951386 0.0007258975
 0.0049035709 0.0031617079 0.000651522 0.0008220497
 -0.008440148499999999 0.0031991021 0.0018899921 0.0009344788
 -0.0059218969 0.0011849208 0.0024612382 0.0009722848
 -0.0230588848 -0.0032747154 0.0017287305 0.0009830073
 0.0011395459 -0.0062942025 -0.0004096757 0.0008524333
 0.0095419154 -0.0054533466 -0.0021239933 0.000722209
 -0.0089479555 -0.0055382966 -0.0038667061 0.0006077371
 0.0171860817 -0.0009410258 -0.0043068807 0.0006231383
 -0.0087929086 0.0019681388 -0.003270671 0.0006567819
 0.0253523156 0.0068160508 -0.000644767 0.0008668179
 -0.0172914374 0.0013611453 0.0007282311 0.0010581088
 -0.0047771649 0.0021820263 0.0022766444 0.0012359841
 0.0117428777 0.0011326591 0.0026864262 0.001403783
 0.0117603909 0.005250448 0.0033436658 0.0015811697
 0.0157399287 0.0034118718 0.0026703 0.0016777678
 -0.0058484245 0.0056836123 0.0035371584 0.0016952872
 -0.0121362315 0.0041355233 0.0039265673 0.0016721689
 -0.0061895551 0.0005973562 0.0038076015 0.0016272467
 -0.0216804086 -0.0060073086 0.001548228 0.0015139661
 0.0010730778 -0.008992691800000001 -0.0009256271 0.0014048717
 0.0106108783 -0.0057859575 -0.0032033113 0.001374636
 0.0144323017 -0.0004405202 -0.0041308378 0.0014160014
 -0.0003524436 0.0007456411 -0.0041210498 0.0014479318
 -0.0025267364 0.0046085801 -0.0019981465 0.0015574175
 0.0074933726 0.0058835795 0.0009994101999999999 0.0016473488
 -0.003987791 0.0029705186 0.0027573844 0.0016445941
 -0.0219443466 -0.0042722998 0.0019761835 0.0015572316
 0.0286911322 0.00141763 0.0021083708 0.0015465293
 0.008950764999999999 0.0037286714 0.0019374874 0.0015429665
 0.0041523052 0.0030647852 0.0013798316 0.0015162287
 0.0245689208 0.0088434085 0.002561766 0.0016304624
 -0.0075210793 0.0115487098 0.0057423311 0.0017006161
 -0.0063773632 0.0046469829 0.0063741826 0.0016786488
 -0.001014615 0.0026721494 0.0061429989 0.0015767851
 -0.0209862032 -0.0023373047 0.0050316 0.0013425495
 -0.0057582469 -0.0083354624 0.0016016298 0.001011394
 -0.0015006565 -0.00716103 -0.0021016069 0.0008069762
 0.0032876198 -0.0052594874 -0.0040750547 0.0006334268
 -0.009280498099999999 -0.0069270563 -0.0059988709 0.0004964349
 -0.007961727 -0.0042429232 -0.0063970494 0.0004378632
 0.0066800824 -0.0017760065 -0.0050872306 0.0004168725
 -0.009143384399999999 -0.0033011322 -0.0043106698 0.0003475161
 -0.0100037007 -0.0059588774 -0.0044454895 0.0001506448
 -0.0069937659 -0.0054873082 -0.0041488503 -6.46985406346756e-05
 -0.008427341499999999 -0.0055654806 -0.0044104205 -0.0002532929
 -0.021320891 -0.0111402769 -0.0062747422 -0.0005198895
 0.0224110316 -0.0050216256 -0.0066322389 -0.0006403578
 -0.0082122707 -0.0046382189 -0.0063763099 -0.0006745913
 -0.0086134557 -0.0049499959 -0.0062758752 -0.0007261501
 -0.015982474 -0.006432656 -0.0064518904 -0.0007869665
 0 -0.0021440066 -0.004641934 -0.000794464
 -0.0052495762 -0.0076472685 -0.005160833 -0.000938659
 -0.0127544857 -0.008540117200000001 -0.0059353639 -0.0011745491
 0.0046885466 -0.005923171 -0.006133243 -0.0013402667
 -0.0171410256 -0.0060935362 -0.0060644769 -0.0015098965
 -0.0015522482 -0.0064360295 -0.0069353159 -0.0016474741
 -0.0077863712 -0.0069448387 -0.006791668 -0.0017087731
 0.0021330384 -0.0039657892 -0.0058767735 -0.001660544
 -0.0052949678 -0.0059828056 -0.0058882932 -0.0016633963
 -0.0222040234 -0.0069217685 -0.0060508632 -0.0016807738
 -0.0009726312 -0.0068457848 -0.0061294778 -0.0017832093
 -0.0007842713 -0.0054611505 -0.0058315135 -0.0019165809
 0.0003653784 -0.0058523976 -0.0062150834 -0.0021485812
 -0.000297607 -0.0048612943 -0.0059949443 -0.0022614625
 0.0015561359 -2.7049e-05 -0.0046255201 -0.0023088286
 -0.0265618245 -0.005150261 -0.004278264 -0.0024231061
 -0.0013185288 -0.0052775255 -0.0042367231 -0.002619402
 0.0027378223 -0.0048408479 -0.0040292172 -0.0027741332
 0.0101175297 -0.0027988815 -0.0036171238 -0.002940124
 0.0099064241 -0.0011348143 -0.003849873 -0.003049516
 0.006412695 0.0055867616 -0.0017094411 -0.0029767018
 -0.0116771964 0.0034442193 4.39491376629427e-05 -0.0028072226
 0.0038109027 0.003656487 0.0017518455 -0.0025737555
 -0.009144101199999999 -0.000174262 0.0022724842 -0.0024690175
 -0.0266142987 -0.0074183209 0.0010023532 -0.0025942429
 0.0168735892 -0.0054873448 -0.0011992144 -0.0027097845
 0.0122509573 -0.0006952204 -0.0020258989 -0.0028203416
 0.0198056443 0.0025233075 -0.0022625142 -0.0029025275
 0.0044083651 0.005270738 -0.0011805383 -0.0028800018
 0.0081625007 0.0122229497 0.0027721515 -0.0025895219
 -0.0042605718 0.0079699496 0.0054779442 -0.0024844472
 0.0212740433 0.009821241600000001 0.0075819343 -0.0023914208
 0.0138089458 0.008696785 0.0088015057 -0.0023029735
 0.0223624075 0.0123356889 0.0102097958 -0.0022650541
 -0.0032362867 0.009927955299999999 0.009761679400000001 -0.0023263854
