# Created by Octave 3.6.1, Sat Dec 01 02:41:17 2012 IST <mudit@mudit-Studio-1535>
# name: p1
# type: matrix
# rows: 1809
# columns: 1
 0.4265149375716622
 0.4271076491958876
 0.428440531854868
 0.4251120163360522
 0.4370408583175469
 0.435407888271843
 0.4368045048877954
 0.4423194118201485
 0.4495717360097728
 0.4534861723365542
 0.4495915874898722
 0.4619875873333877
 0.4683036141623688
 0.4698611879622685
 0.4735065254135965
 0.4711024578960624
 0.4720651406854031
 0.4738148065411191
 0.4745148341609345
 0.473568728526919
 0.4712505557204771
 0.4730370134365143
 0.4701739435038366
 0.476881498145935
 0.4671440848500337
 0.462433773846505
 0.4697247661285303
 0.4728549035671158
 0.4703817686033773
 0.4594369999468255
 0.469817925135794
 0.4752725531032195
 0.4655384708449366
 0.4675344224981066
 0.4718161029919679
 0.4789277272562962
 0.4749363815868607
 0.4801275591938806
 0.4890754335777355
 0.4855128104728864
 0.4828237709555079
 0.4852096935164598
 0.4964052009611358
 0.494296775807744
 0.4955584466352305
 0.5014428643247942
 0.5005652670350053
 0.5064996727174044
 0.5077450061928052
 0.5045913170796273
 0.5082641501244376
 0.5150126928464365
 0.5101580859733722
 0.5108603049619052
 0.5162830717603953
 0.517653472360269
 0.5092344916684931
 0.5117994439369219
 0.5129056315032329
 0.5132351518357775
 0.5132983680757182
 0.5096597835111703
 0.5149800432043915
 0.5117544438086813
 0.5114207211505064
 0.499547240990957
 0.4973136126486845
 0.4982034911436312
 0.4994135930245825
 0.4954030048215621
 0.4948408233110942
 0.4981613886502876
 0.4944598564029818
 0.4920265319987757
 0.4843755431354633
 0.48711381108244
 0.4886635004922419
 0.4878238246602972
 0.4863598173419937
 0.4921499893083117
 0.4914239682359963
 0.4856970054557146
 0.4869392987589417
 0.4877756120776435
 0.4821541817441572
 0.4842352582498162
 0.4840879601248902
 0.480831030277474
 0.4795520140210814
 0.4831871166067764
 0.4734724971909897
 0.4678664214040226
 0.4642034651219126
 0.4647807694022578
 0.469768286980094
 0.4568391720058192
 0.4607216710490041
 0.4630871863201393
 0.4656154582545348
 0.454941877517499
 0.4516059161094837
 0.4562722850075989
 0.4540244874116943
 0.4582841384269308
 0.456766446480456
 0.4659348251227513
 0.4649383883353323
 0.47315391413477
 0.4723154937284906
 0.4707409266867187
 0.4765530578571567
 0.4757885451747637
 0.4806363643012708
 0.4823690303727899
 0.4878462218095803
 0.4888037081878698
 0.4851336830810329
 0.4872337983665954
 0.4912811269935005
 0.4835546733168409
 0.4859223976826041
 0.487479313916568
 0.4852255164421966
 0.4808344459919134
 0.4849972625921188
 0.4813556576898158
 0.4740756565021791
 0.4745628527516696
 0.4709433803803194
 0.4693042146914224
 0.4663795421505524
 0.4648871666061891
 0.4637149784567956
 0.4655592861492052
 0.4606838342005797
 0.4593493072109816
 0.4562043605044236
 0.4580842866591365
 0.4540164354336405
 0.4563309938660195
 0.458368199560387
 0.4577715051155184
 0.4669729682832377
 0.4638754770672482
 0.4577735389040691
 0.4530988897733323
 0.4618166360979767
 0.4676594518677859
 0.4609492275520241
 0.4694950798335473
 0.4702169681639775
 0.4779293626949235
 0.4697988446170272
 0.4661088353411226
 0.4669123197714052
 0.4654095800142892
 0.4668293329970686
 0.4534070746545696
 0.4696723998846905
 0.4701164097120314
 0.4653729201480123
 0.4692452828756551
 0.468819217487913
 0.4661564641989079
 0.4582041133091272
 0.4652438555564175
 0.4645973016702377
 0.4591903919161887
 0.4742294469135793
 0.4719937222935677
 0.4699883322644742
 0.4741239425316942
 0.4786153061628511
 0.4779169739024259
 0.4808070986769341
 0.4865966337097156
 0.4895181063641767
 0.4908790955307334
 0.4896604238413076
 0.4989818677376931
 0.5016126949210903
 0.5092389555560007
 0.5112474850100502
 0.5193204377814186
 0.523645132815115
 0.5226218688373505
 0.5284059851519007
 0.5292925414340329
 0.5334179700084694
 0.5382244395925693
 0.5416876800707322
 0.5423346599242791
 0.5444316594001578
 0.5490082044724007
 0.5450235237407043
 0.5442403288160503
 0.5483894900528574
 0.5453291887588559
 0.5414539519039625
 0.5416679152170731
 0.5496157261560081
 0.5497102076543213
 0.5496336657588167
 0.5501148700941005
 0.5524534900052579
 0.5547806823964649
 0.5440895458650145
 0.5456250995773001
 0.5442272434376296
 0.5511646427925191
 0.5498565983990997
 0.5540283665160124
 0.5608536678779386
 0.5512484528744001
 0.554997504284401
 0.5532164358076487
 0.5544466739709323
 0.5540125393930642
 0.5653929484334519
 0.5648142140849481
 0.5722357606227868
 0.573909900976976
 0.5704954608673097
 0.575495600007836
 0.5754152718033849
 0.5764159810093243
 0.5730469191130586
 0.5761298523539919
 0.5709401528549887
 0.5718668239218331
 0.5745021945290308
 0.5722235308049431
 0.5683624334892845
 0.5679239999526575
 0.5656718610077388
 0.5597121862361391
 0.5537188646901818
 0.5567929057042252
 0.557990161104602
 0.5572875195031529
 0.5590671173730301
 0.558210547211181
 0.5531593273100243
 0.563214723999814
 0.5584476193878847
 0.5545855180488781
 0.5640012986157246
 0.5623212006875571
 0.5640903687198495
 0.5593551526174069
 0.5600994287846555
 0.5639306279411214
 0.5615825559726091
 0.5570351142691773
 0.5601132327514601
 0.5635776360839696
 0.5600816246507094
 0.5552187412802285
 0.5488878267046557
 0.5518963217035631
 0.5495653550463817
 0.5427178856737712
 0.5417037750796292
 0.540055412218762
 0.5410471804232001
 0.5339390060637965
 0.5306722336653372
 0.5270307189325096
 0.5294683630330236
 0.5243433716189773
 0.5194881458230752
 0.5232507901176475
 0.5242910505498363
 0.5207340585198491
 0.5183822236651152
 0.5219108730401784
 0.5229632414368227
 0.5168375526358118
 0.5121411160863205
 0.51458189345645
 0.5177363362294453
 0.5161473750880159
 0.51520204156211
 0.5175859568486694
 0.5174609695767712
 0.5168588511645753
 0.5112630568326391
 0.5096333193477319
 0.5118706227366543
 0.5109651864226454
 0.5100001077833897
 0.5107968061355643
 0.5154879515476971
 0.5114846726672275
 0.5165382885302509
 0.5205818514872584
 0.5222206942896718
 0.5225046623135474
 0.5196918348459322
 0.5243206681426951
 0.5236683121501384
 0.5228246703703202
 0.5239173637709136
 0.5291493126215784
 0.5295706095486252
 0.5260827242090456
 0.5237133564278832
 0.5275222815939611
 0.5209733079762477
 0.517383911997873
 0.5179470475704848
 0.5191803840764213
 0.514043790898283
 0.5130018586577194
 0.5151057310471046
 0.5106444160025024
 0.5072121266852549
 0.5094921724034064
 0.5077704771743384
 0.5110940562989971
 0.5097205874021012
 0.5123772550292575
 0.5074366970200247
 0.5014945474019183
 0.5071284119713079
 0.4984044855705387
 0.499946912855767
 0.4957597603789103
 0.4972567964060827
 0.4953458087260385
 0.4892728959874975
 0.4915939498652129
 0.4887707246898839
 0.4835993522467414
 0.4770577986822492
 0.479977281336665
 0.4799142840611537
 0.4766311166309011
 0.4707831619097723
 0.472335994558568
 0.4777561524458388
 0.4724920791804104
 0.4770602885388328
 0.4677129521786009
 0.4782676531888009
 0.4736261879771497
 0.4647799205085332
 0.4648036029247452
 0.4666283555611668
 0.4726402935349004
 0.4577352652211172
 0.4642554869316383
 0.4680284257024454
 0.4615722023700984
 0.4601925813407934
 0.4613618334688709
 0.4641085402933108
 0.46289033464844
 0.459772432204433
 0.4627075583081416
 0.4649130387284853
 0.4649066033476896
 0.4586978487894144
 0.4650020336033575
 0.4680740374364087
 0.4674300810113262
 0.465001224191989
 0.4645232422296887
 0.4715871611197661
 0.4685150300944909
 0.4700433714197466
 0.4670952875137173
 0.4715389074295233
 0.469948408923251
 0.4715256425632633
 0.4715134821481449
 0.4696560414256739
 0.474887220215845
 0.4750174120718403
 0.4770372617690563
 0.475818116830417
 0.4736322599919938
 0.477974620577195
 0.474915013469341
 0.4745191030301674
 0.4755594852359634
 0.4726311847172281
 0.4715752481369235
 0.4674086903231313
 0.4699357507137856
 0.4701301868290246
 0.466450099479812
 0.4681689560638738
 0.4699083857764575
 0.4671616942948208
