# Created by Octave 3.6.1, Sat Dec 01 02:41:22 2012 IST <mudit@mudit-Studio-1535>
# name: th1
# type: matrix
# rows: 24
# columns: 13
 0.2842871662105815 -0.3735525882782648 0.7990870670457455 0.06245786620599996 0.1329968082596623 -0.267416585304624 -0.3144325402720711 -0.2941646287791722 -0.125772204945632 -0.1007831452196377 0.2203243934311857 -0.6753365282047701 -0.4078239615472709
 0.5630255898522784 -0.3051667729115002 0.1005701193044072 -0.2115585597953626 -0.1446692513313289 -0.5287015797805296 0.7613293297950139 -0.0182657861097162 -0.3801803396249241 -0.4291602873448981 -0.6748971806106897 -0.4945582072861776 -0.109080415047532
 -0.07441447544180374 0.475081978737146 -0.4944595935557297 -0.6814708068743862 -0.6406103134565205 -0.3537541872715563 0.6283373066658844 0.4934348188007884 -0.07911109486570438 -0.3629185874827265 -0.3943964213662398 0.5789527155517753 -0.1339962117813414
 -0.7398608885289597 0.4395901050641997 0.04252940745430932 -0.5976420585755199 -0.1896809967944783 0.631822780628747 0.1991783714276755 0.5780213800731596 -0.474056087824804 -0.4418953905730861 -0.08849657397509253 0.5377446536759408 -0.4872971994269477
 -0.2379424395577978 -0.5493153818087193 0.5235318193741317 -0.6676117441968042 0.4567314268070733 0.05174472196399323 -0.3342123488688233 -0.7150778076358678 -0.455040687556884 0.7230691442866952 -0.715445526193134 0.2327822100949744 0.5077668302398476
 0.04835443563898573 0.1180220467241755 0.234715064956792 -0.236971733613044 0.4041239299171697 -0.4359833789515864 0.271771841202098 0.05778105897947416 0.5606820703624597 -0.4456291974201165 0.3819189523012012 -0.3553872974743533 0.2356506603069475
 -0.6870588641051413 -0.7614077812573694 -0.01502484586344944 -0.4002494790897246 0.5406128534070642 0.7255984750270026 -0.09058664127934407 0.112584616837622 -0.07265137059590668 0.005629157461747625 -0.1964193713160889 -0.3862016676868357 -0.145592715412875
 0.04680158667635352 0.1821499639893604 0.07179953912814999 -0.5919384182105386 0.3580845030886686 -0.06223385160989805 -0.3412613133844299 0.6860971130893592 0.2591370693929015 -0.5414891895272032 0.3561711851572697 0.03403675827412019 0.2606839422256031
 -0.2371194976725156 0.3046743745090449 0.586870169352334 0.7508541862738166 -0.1079433652373859 0.35828383048769 0.3441369296237304 0.4938236252147242 -0.2372598158066545 0.3805011223925354 -0.457552054217267 -0.3790764098678786 -0.5068202736003977
 -0.5581373544033443 0.1113374526423284 0.8520905831346488 -0.1568407917363955 0.5422905587501918 -0.4273515526057081 -0.7315324271368692 0.3339191419633627 0.04394025819662967 -0.2276240738673236 -0.07439630645461262 0.1545983261251372 0.3804846169668596
 -0.001468877152491738 -0.5748526233687129 -0.7385895737537315 0.05744156703029565 -0.1013279002053608 0.4282211854519519 -0.2818181137120228 0.6433081955239748 -0.1155384793710553 0.7180240414333052 0.6561849366281586 0.7635252919018962 -0.6484355873187415
 -0.2541213682053687 0.7422796957687601 0.752206140456098 0.2574675326754974 -0.3234635017644876 -0.7841666282060641 -0.7997305744346626 0.4386922045348626 0.7121902834249563 -0.279324637112608 0.7527607681782654 -0.1143179902158511 0.5082115267899857
 -0.06365356533656089 -0.618943040957887 -0.725965959694741 -0.288945042438655 0.009811738215672428 -0.4047929363170101 -0.02624137286473414 0.3195154814313754 -0.3508080990261568 0.1950480608054868 -0.2783926453009993 -0.7606600680620861 0.5055842086189688
 -0.8044743820070357 0.851138898360095 -0.5137417576182551 -0.5481425756636737 0.3253171732363955 0.8590856512569186 -0.3779313146848461 -0.3504304262448588 0.1394159119940192 -0.6900499155760906 -0.4289460877248864 0.6416376953233686 0.4950671771256777
 0.2235371190120715 -0.1155074867339732 -0.6913190814567168 -0.06662682315663825 -0.001888924012424182 -0.1206118874731674 0.5277794092260156 -0.6389426933913864 -0.02241971180686046 0.6212652681755267 -0.2849579899140395 0.4670423801697476 -0.2866562633731461
 -0.1308433242211281 0.3662545785917454 0.8143756139406507 0.2870445662105492 -0.6591851105535772 -0.02714833557026304 0.2784450848710815 0.1539463223259842 0.424059543786076 0.4242045833131972 0.01076084897725146 -0.6415885889472918 -0.06716687034516282
 0.4496972968026606 -0.04153600940046529 0.1770796873626193 -0.4060316942350841 -0.3385495105552941 -0.3950187476348206 0.1324585940553218 0.3619417089876591 -0.04191822074691036 0.3822333169797422 -0.3436711177405064 -0.6392392708490827 0.5126671204947559
 0.420343076371116 0.2361572324631187 0.2228381049475005 -0.07523986833664593 -0.09068037299271504 -0.3781311338825535 0.5586328210766569 -0.3695440274708168 -0.08033212900427321 -0.1382176034929179 0.3239335177907218 -0.7484421367863774 -0.5397632037295452
 -0.7052344886080881 -0.1147856409833671 0.4637123378851368 -0.2178601150501404 -0.1987841365447592 -0.3123762824805123 -0.07898356423618369 -0.2437584812979927 -0.4573753048707573 0.6912983981137577 -0.3457332720098071 0.5211043426684319 0.2235832950342775
 0.3965745140149594 0.1364211619424182 0.1197067424834981 0.1814450665117557 0.06354377712219046 0.7437034702178069 0.2993669327735033 -0.1981680886047268 0.6496286620130939 0.5300443176234195 -0.2557936836653248 0.7785748381153705 0.8002752341798138
 0.8561937955321474 0.1291806730550177 0.6878049127638453 -0.4625414791160735 0.05147325499934555 -0.7675882577692856 -0.000649464308264749 -0.047396071007965 -0.7653554942875096 -0.5090750271063719 0.2351136519242233 0.4592696388117607 -0.515688212894167
 0.2772588649457016 -0.3094234654942316 -0.02038453306725225 -0.3688891369957251 -0.4116318404926659 0.4526962973813517 -0.4692740738462742 -0.288184470549055 0.4860079868171306 0.06130657617115864 0.4698418428325262 0.7966045496286538 0.2532906442956658
 -0.7398191494752315 0.5060021254096879 -0.6345245565517122 -0.09050956008259441 0.160769594330822 0.1214938395490936 0.5993471776035999 0.1775524631223877 0.4678210581666641 -0.426669980548856 -0.7515260387079226 -0.7608949006423951 -0.5659510606884625
 0.2304024834412143 0.6118623724246105 -0.5430755633184781 -0.5908259662508585 0.7328191011243383 0.5863472095624049 -0.1378957608564244 0.6345477475362979 -0.5274962090175185 -0.2958455539463227 0.1189696500963487 0.7962637738911434 -0.7865598418563504


