# Created by Octave 3.6.1, Sat Dec 01 02:41:27 2012 IST <mudit@mudit-Studio-1535>
# name: th2
# type: matrix
# rows: 1
# columns: 25
 0.4950076420651275 -0.7485343174404778 0.6315479739508525 -0.5188196611955218 -0.56281489156549 -0.6208046757087494 0.6999441831938384 0.001592268998329812 -0.1472697676869723 0.5367543672866247 0.4891987782093078 0.07813029083661915 0.6752190183569389 0.2191488406472907 0.8542328705833492 -0.5584050930041872 -0.5845751083707008 -0.6076056261041868 -0.6396141428019539 -0.6672376467343236 -0.4515908960786243 -0.502350613269431 0.6049078208509633 -0.007395748758069568 -0.1565785127926246


