# Created by Octave 3.6.1, Sat Dec 01 02:57:04 2012 IST <mudit@mudit-Studio-1535>
# name: p1
# type: matrix
# rows: 1806
# columns: 1
 0.4624749124461044
 0.4555069819792592
 0.4596194160995732
 0.4608461255374944
 0.4680534848646842
 0.4594867294275511
 0.4583451883845043
 0.4637708065498836
 0.4601540746066879
 0.4769929955315724
 0.482268091288819
 0.4802449803742951
 0.4787225800925571
 0.4721249137847839
 0.477731282795125
 0.4785707815301749
 0.4831049480713709
 0.4857902990023725
 0.4940898259933653
 0.4920019508078831
 0.491114944241383
 0.488496709544617
 0.4915502608001769
 0.5025683435648758
 0.4989089061500322
 0.4902767876626106
 0.4975220841054339
 0.4813744952055609
 0.4912974772594835
 0.4855518704911649
 0.4830478593306041
 0.4817791202382212
 0.4838610618169832
 0.4964361291455336
 0.5015332551681548
 0.4931233939318001
 0.5005407564556116
 0.5016087020954155
 0.4995716389738667
 0.4921894738105221
 0.5065815862832679
 0.5028112427174548
 0.5074075922605323
 0.5102376829875211
 0.5052167737166264
 0.5017862981393062
 0.5044559001150918
 0.5105350673076771
 0.5229518419214776
 0.5192300520373395
 0.522747018982512
 0.5148389542866587
 0.5207160789088932
 0.5233235342225703
 0.5282529407702612
 0.5183342426272329
 0.5183197525301345
 0.5181101958545876
 0.5218322722098616
 0.5236777817210686
 0.53182423242424
 0.5160330827677366
 0.510152723810594
 0.5047383708209791
 0.5077735960785291
 0.5175711413619305
 0.5214243699212067
 0.5221254152445075
 0.5234756530928839
 0.5211855949836551
 0.513234502671443
 0.509188638233926
 0.5043254428898616
 0.5041015563878855
 0.5075970967561012
 0.5060573112678475
 0.5028868716293451
 0.4992278923745176
 0.5038740769489668
 0.4938684947965473
 0.4963368474600947
 0.4981457343482144
 0.5035443389528648
 0.5011707095438763
 0.5067465618820232
 0.5001412454199782
 0.5057464847400714
 0.4923853406594866
 0.4911107257978991
 0.4908699461828483
 0.4849268164471492
 0.48414112910622
 0.4920721878848496
 0.4887381499895773
 0.4998720329417978
 0.4903494515112809
 0.4867828365465142
 0.4797536219458284
 0.475773703699912
 0.4832134819190997
 0.4875537997722369
 0.4802385615047585
 0.4838116353330109
 0.4894422218267109
 0.490482602156358
 0.4874069684887826
 0.4825324156005069
 0.4788992863496191
 0.4859365948547371
 0.4777715557567508
 0.4953719606600445
 0.4877798670454139
 0.492757431146262
 0.5002221373543821
 0.4934302619724469
 0.4933315792602155
 0.5000240861506158
 0.5011974943985401
 0.5048563518841205
 0.5059510168214455
 0.5045886465369361
 0.4992307646674825
 0.4943994469407986
 0.4962613459701419
 0.4944432582346548
 0.492422648889267
 0.4864733429066029
 0.4891645068154508
 0.4884745371866553
 0.4930852825607245
 0.4989283767232227
 0.4924951089036625
 0.491769793734429
 0.4837361623990539
 0.4835346620971121
 0.4850819250228748
 0.4821031142435955
 0.4797631651075993
 0.4844755838693389
 0.4823587201541285
 0.4815200858224309
 0.4724402118018969
 0.4763903949627214
 0.4667030816014215
 0.4749994253412517
 0.48098461816059
 0.4939782013694335
 0.4997434727473783
 0.5020460077356663
 0.4874811611357667
 0.4750545637399751
 0.4745446177154368
 0.477348175141577
 0.4784096632293297
 0.484965880966921
 0.4688154247406639
 0.4840966218808245
 0.4897434628834865
 0.5040041300194237
 0.4986758746299572
 0.4920260211995306
 0.496369427768756
 0.4730738571880286
 0.4827004644326273
 0.4928541216882353
 0.4896170651556258
 0.4919177773905795
 0.4807804504480978
 0.4802647960727734
 0.4834875969926494
 0.4835842268561728
 0.5026104779805304
 0.4989347896186204
 0.4992790001198159
 0.5045766769295726
 0.5012709453833986
 0.5036053883695082
 0.509966913624442
 0.5125481188534196
 0.5211896253798189
 0.5186269607894657
 0.5193804432825385
 0.5201051560879156
 0.5108128006277862
 0.5158083890430741
 0.5193539180387591
 0.5305025344368755
 0.5332459372736261
 0.5395792915061949
 0.54283519661146
 0.5422910026479485
 0.5460142598703216
 0.5493945677181351
 0.5491448977221171
 0.5470551841983906
 0.5455504173266761
 0.5446312044118153
 0.5449316706977171
 0.5502635117310356
 0.5552594005168484
 0.5578602594718528
 0.5536163918145716
 0.5519179053015147
 0.5424821046590368
 0.5421951945421093
 0.5434366277634211
 0.5470313402613597
 0.5606558238658731
 0.5586535909555926
 0.55672192275301
 0.5668908801133802
 0.5539936060868459
 0.5524148832783383
 0.5493636099539407
 0.5497187280645562
 0.5644164264334925
 0.5686083871648479
 0.5701775489590434
 0.5658778989032572
 0.5585682508363191
 0.5537911848025262
 0.5630186646129595
 0.5592112695269917
 0.5675434671270555
 0.5602421015397242
 0.5603472435416302
 0.5625458940128788
 0.5682414690239993
 0.5722208187856741
 0.5786154202317111
 0.5820856668019426
 0.5690575659908942
 0.5660504515703609
 0.5638539134705288
 0.5577662130335671
 0.5668872214963884
 0.5728568012966275
 0.5586357804858455
 0.5660065180182808
 0.5558258319273248
 0.5551962154776793
 0.561662233512235
 0.5546242964064938
 0.5620623249296317
 0.567427359535906
 0.5520811518658012
 0.5646509293990495
 0.5513799966627937
 0.5518677682924987
 0.5623503025515886
 0.555918162896656
 0.558957984113016
 0.5654247006561826
 0.5575140302291701
 0.5620627076768356
 0.5560100651209277
 0.5499089917262298
 0.5552293580347972
 0.5512592564791186
 0.5496176208726271
 0.5551042226476122
 0.5518235237493476
 0.549162027400929
 0.5428353295602252
 0.5395987032162742
 0.5419417221883458
 0.5433756883143374
 0.5419143752513879
 0.5368105945807031
 0.5377222096390967
 0.5336889835756015
 0.5388022444971231
 0.5331699562624691
 0.530233783167765
 0.5263058142592275
 0.5226093974615236
 0.5168561892622161
 0.5224424708415272
 0.5258937963966801
 0.5283587391073526
 0.530670624736738
 0.5332765224876668
 0.5289391499191552
 0.5253693878505352
 0.5193998009941553
 0.5213945661512785
 0.5236701332395263
 0.5270921082811851
 0.5218150220763178
 0.5228589763632927
 0.5232422586943389
 0.5272823335791661
 0.5309065580816479
 0.5311301670769402
 0.5315987507721707
 0.5321109262486459
 0.5205161424967174
 0.5230122473482401
 0.517214294736818
 0.5233570962669393
 0.5290010775876236
 0.5292680105434873
 0.5334847745396508
 0.5294566316522525
 0.5258334720518325
 0.5289835362838873
 0.5341489895960703
 0.5330797351618699
 0.53304280843948
 0.5326470471613817
 0.5330038746403244
 0.5254554961405161
 0.5283691630958932
 0.5232445829606693
 0.526238644280833
 0.5154296556902569
 0.5256424154110793
 0.5255693833175034
 0.5223143461752789
 0.5232338057646501
 0.5152617421560822
 0.5069134722803821
 0.509281911696433
 0.5037627800295462
 0.5197304238107747
 0.5136454922203761
 0.5151984590481901
 0.515087059463982
 0.5065836343222573
 0.5117883123577157
 0.510978038247042
 0.509484395366496
 0.5073104736889161
 0.4951498016080454
 0.4975147503155607
 0.4975981202513687
 0.4944342920783686
 0.5029323042203622
 0.4929202524250491
 0.4913436832039004
 0.4945641400658851
 0.4955934434221642
 0.497882995155013
 0.4862348942996773
 0.4807207712219446
 0.4799323696175505
 0.4763942225193894
 0.4987790673052753
 0.4853379483440107
 0.4906191649417229
 0.4864748706672899
 0.4829697074031513
 0.4889794043771569
 0.4868367144654704
 0.495135279299175
 0.4929163203824887
 0.4811133454323472
 0.4775013147425161
 0.4791817362034754
 0.4776131597013084
 0.4815854035632449
 0.4805699312503798
 0.4791082962876252
 0.4814983124422766
 0.4833497146501626
 0.486265535635504
 0.4941495531181414
 0.4905305174072767
 0.488352982002728
 0.4902492054834586
 0.4919761814920695
 0.4901102077625779
 0.4858562579962453
 0.4842291644893383
 0.4854901542124877
 0.4932338893888401
 0.4848195312205666
 0.4933348382318232
 0.4875698303115481
 0.4893134422280631
 0.4928717535546374
 0.4888239506682544
 0.4935722604266998
 0.4938181035517505
 0.4888374091189457
 0.4949544126699789
 0.4836689021949211
 0.4872291308928387
 0.492903955325149
 0.4947648099310576
 0.4950223280219084
 0.4919386299321502
 0.4848731995069378
 0.4832190917263902
 0.4795468663417641
