# Created by Octave 3.6.1, Sat Dec 01 02:57:10 2012 IST <mudit@mudit-Studio-1535>
# name: th1
# type: matrix
# rows: 30
# columns: 16
 -0.6127421904982265 -0.7971253214674235 0.5605435781989847 -0.3554903934827199 -0.05700782726600234 -0.4068466615880375 0.04960259233417728 -0.07561316567380724 0.5517927319440203 0.4332851581028992 0.6040451282097148 0.7632874324183825 0.6859287317030405 0.4730059310871863 -0.1700025896572553 -0.4632849309712422
 0.6451076425667042 -0.8018733695543516 -0.6994981064771343 0.5263827245546905 0.2966289395361065 0.606478081525107 0.5668680190897001 -0.07737629790867102 0.3489532671298585 0.4157549629679951 0.1186448097592691 -0.5163394102869627 -0.6094182045187806 -0.5061515266466785 -0.2428676299228434 -0.01530020994385382
 0.2883335812985528 -0.2085424070754189 -0.5850120725529095 -0.1366176881245136 -0.594557369991713 -0.7880245179323114 0.2748987623366003 -0.6644578812431335 0.2859901903399987 0.6136682800308518 0.5598927650208042 0.6802207470413348 0.4105088856460122 -0.6691910882160964 0.3657124463581274 -0.480438605518029
 -0.6148481853450999 -0.629070110767607 0.5274680135388737 -0.03324835704348882 0.4431199428560199 -0.3020037774742877 0.2950204781178099 -0.3916966706490771 -0.7417318248545971 -0.3955804840686649 -0.1965742936656493 0.4575823880119553 0.6880400744848999 0.5419075305458592 0.4240373087748268 -0.5766083262712473
 -0.02643380987883485 -0.1448720299029892 -0.517440052700009 0.5075441131586403 -0.4290084656436657 -0.2920361945521734 0.07381516650578657 -0.7162298641194145 0.1783226637181882 -0.1443902945055712 -0.6680243564759254 0.3852914687525378 -0.7029610101783118 -0.06824340120830207 -0.130422926563108 -0.2073610942914023
 0.7577924434747173 -0.537642786855053 0.6054104098192067 -0.07352360090572602 -0.4868258837148363 0.2064323093250151 -0.2685879830995172 -0.3872942792079421 -0.7307350675586636 0.2924104551842273 0.2530066017759225 0.1783756805886499 0.5885514304102787 0.5483804669901895 0.4733147581016739 0.2888902548676496
 -0.4836380364893073 -0.6137977420771397 -0.1572057363416089 -0.6859670025613036 -0.6106900255303404 0.0793860145186098 -0.7149425904865477 0.4950479460620286 -0.5840960287117769 0.6779091922567351 0.05134297161778269 0.0436545816152119 0.445794891136822 0.7029147981264802 0.4516786939952205 0.5823461699892418
 0.298440340339376 0.1604707887582888 -0.7609238860827795 0.6653851919195919 -0.09932560173641199 -0.09645099432228586 0.2568311874366265 -0.00884119009436941 0.3126460454125345 0.7730772417183331 -0.1880008506154339 0.400869438329895 -0.2857054508718405 -0.2807380240405474 0.4346296601563271 0.1077794568294261
 -0.727756906141643 -0.5238579692800711 0.2969286474901543 -0.6654348997620512 -0.2648228613083066 -0.1168932266683618 0.3401119404834114 0.3484208513761617 -0.09178030580232893 0.2295502421287355 0.6929400721268114 0.05360962759010351 0.5582118636329652 -0.5593638364154916 -0.7286486224099428 -0.6025235493457499
 -0.169395352467635 -0.6060817560343392 0.05332384086390782 -0.6005975677042287 0.4012672235671029 0.6714283556435698 -0.339442019593638 0.3057196232994721 0.2027532319338679 -0.2606731585557863 0.3431722974904334 -0.4811348423916345 -0.0197105072409464 0.2330481697222062 -0.0465444982073749 -0.7760104423463952
 0.04622375518043832 -0.07677102641060418 -0.2341512547139408 -0.5758801324961597 0.5555302844330866 -0.07583495355934179 0.6890476942944579 0.6608487834772803 -0.4987723657593134 0.6123860925975763 -0.5789523414644684 0.07843989453582785 0.622518657719809 0.6386286472403864 -0.004323392074928115 -0.4939511516143602
 -0.7049308453188058 0.6658568307307203 0.06048020258768824 0.6825453134163082 -0.197294818633468 -0.3256387852898923 -0.7866606407219952 -0.580066098309821 -0.559466052285252 -0.179240761572097 0.709701802093285 -0.2824353018936627 -0.02724253242081495 0.1607907802306225 -0.5968215595942959 -0.3942699478816877
 -0.7050577216983677 0.5856307919733876 -0.7996850981659595 -0.1977931941621538 -0.308364200974931 0.6555405651703865 -0.4205392171441382 -0.4803337770086173 0.03338208722112224 -0.05025005877790921 0.5600315940652463 -0.08743430578016448 0.7877356597492309 -0.429810788897907 0.05386892259673708 -0.3340708268013841
 0.2589018857037975 -0.2918815144977841 -0.5236659206525881 -0.04868385360843715 -0.7400211972544999 0.448701586186076 -0.823761387433958 -0.5683168637855499 0.7533094459332369 -0.02163565655499208 0.2217910937705635 0.6250262836553735 -0.6124920124829386 0.5973138787640592 -0.5760657376430289 0.52395359696417
 -0.5855036395211859 0.7442577529451987 0.4454834266802727 -0.7600684756645832 -0.271059756988542 0.6492388365627283 0.07425793277871062 0.3909098882404079 0.1045139764454505 -0.6615947495959009 -0.05815684284365897 -0.3018620651972154 -0.6610382728960966 0.01206512134587133 0.4894816552264932 0.4081630130868714
 0.1055705250783672 -0.7147681497082164 0.1959403272742158 0.2318134441490359 -0.5030336933331392 -0.5636916401151761 -0.720010137889876 0.3988154960730665 0.1252648245052997 -0.1242735873021377 -0.525571171225076 0.2983536012137343 -0.503016520474627 0.6128254189594512 -0.615400896312351 0.4121502784243909
 -0.2162278087733079 -0.1022450040159343 0.5806277563091711 -0.6788692511232974 0.04506923199157619 -0.2283483692399964 -0.530359457201648 0.7798352148013792 -0.136971803518623 0.1423956521823198 0.2412755162808163 -0.7694283232364147 0.6395273091561865 -0.4988582921272459 0.1716087825817399 0.1420447156020438
 -0.224428019391752 0.2893124061089146 0.3548352855469328 -0.5996622304678472 -0.0923954473367338 0.453284485173332 -0.685864064404577 0.2086666648949887 0.3689743269719394 0.3052841259686919 -0.3318943432939029 0.5275017441878198 -0.7114122693644926 0.02535236584785738 -0.5272108556061044 0.6958201143108603
 -0.5944353271391956 -0.637425780835859 0.1666041203916702 -0.473450162974419 0.002069057374102058 0.3727629099046669 0.5334262439562133 -0.199965975757991 0.0800956481472806 -0.1524530732771919 -0.3586002519915164 0.5782931556533553 -0.2627668997677567 0.1679458745536901 -0.5324656847016682 0.654883863975273
 -0.7433341464817758 -0.4721717725343151 0.5104334512084987 0.6511311824649842 -0.2600810301909054 0.6014476831632516 0.1622637738767403 0.1087316550119945 0.5534526001545089 -0.7422119181147181 -0.5588500384698033 -0.0548893615560312 0.4741109856982758 0.4606848114972285 -0.154559924109243 0.5531027814210017
 0.3122905174001357 0.6410631621281165 0.2140355496267451 0.6716190638785171 0.07479232493714676 0.4302713582936024 -0.5944700476068371 -0.2148040248307598 0.7651594361470898 0.4673258078535645 0.4666240115355018 -0.6524289908402249 -0.7076615329013252 0.6987402144162603 0.3877436127403297 -0.3466631746253294
 -0.03732216529383296 -0.1622869550893122 0.553767693182447 -0.67988790614532 0.3243236837082419 0.564447822698153 -0.2921589234899712 -0.5537646530996549 0.2422087372378982 0.7733901929655975 0.4232781283118723 0.4953292066465541 -0.4207206960311419 0.03969559980769327 0.3713325371399043 0.1515249884665062
 -0.8078273020071155 0.2176773032568488 0.05463006345982097 -0.05181158421077854 -0.2689733542809146 0.2139610539697054 -0.1590412513599804 0.006833587017850905 0.2281546006701063 0.7823902583334852 0.5896730028530203 -0.6343680211446683 -0.144725956543444 0.4596200944454393 0.4421395330005614 -0.2874299670146579
 -0.02082728103436836 -0.1551994686580685 0.4095045889321362 -0.1173756691570001 -0.2237979094811924 0.2076986735018702 0.5974443914724051 0.03396398263252721 -0.1585449312731866 0.6036251830823306 -0.2376485628390715 0.06295664055305498 0.2417695732639633 0.7638248483884765 0.2302296121864887 -0.6155443595978597
 0.02645177845905747 -0.1098858874136322 0.3505237051273181 -0.2776606934656136 0.4284569861264111 -0.6667274298042777 0.3432519091097204 0.03295554177512964 -0.1719865394475201 -0.1571677452471651 -0.4502490615155832 -0.7277142142405478 -0.06852204916812134 -0.3549241672385521 0.5660361291909756 -0.2822094164495325
