# Created by Octave 3.6.1, Sat Dec 01 02:57:14 2012 IST <mudit@mudit-Studio-1535>
# name: th2
# type: matrix
# rows: 1
# columns: 31
 0.7049400679870014 -0.1594542075174508 0.01954175981626166 -0.7179122954887411 -0.5695157567588037 0.1465086660511367 -0.1466655277335999 0.3022651996330304 -0.740899363449279 0.5126444990629426 -0.760183447019558 0.2752090291607502 0.2325666606082043 0.4763619736789781 -0.448365452224262 0.1942548523311977 0.004914166982567378 0.4934527086486957 0.6975584529437765 0.3189594158797376 0.5778814839302852 -0.5516864525593803 -0.2892825250465601 0.5610788351114316 0.5995802422575228 -0.7191008192408711 0.3959161232610681 -0.1817061791916818 0.1803396403449047 -0.6727399166329471 -0.7754313914416505


