15

overall_corr =  0.96884
train_corr =  0.96944
test_corr =  0.96043
overall_err =  0.011847
Train_err =  0.0041002
Testing_err =  0.023450
RMSE =  0.033807
JOverAll =  0.0010382
JTesting =  7.5373e-04
JTrain =  0.0012281

