# Created by Octave 3.6.1, Sat Dec 01 00:20:32 2012 IST <mudit@mudit-Studio-1535>
# name: p1
# type: matrix
# rows: 1818
# columns: 1
 0.5538259697727018
 0.5506514179872626
 0.5499960340324521
 0.5489547022534325
 0.5457948625779967
 0.5455199220500841
 0.5458697262506442
 0.5487911731420787
 0.5501938882094665
 0.5535187872100977
 0.5547637176425665
 0.5539822084043512
 0.5571116798202376
 0.5614808659831161
 0.5649052970523508
 0.564144524863459
 0.5656744565068311
 0.5677548972246222
 0.5667091635104282
 0.5688909615318349
 0.5704951117353529
 0.5723693009920234
 0.5755153555259437
 0.574856007652186
 0.5716108933213234
 0.5693547017627878
 0.5682065042199111
 0.5675511931109867
 0.5679341170741217
 0.5653236985644001
 0.5610749527171078
 0.5634772523916968
 0.5651551033923727
 0.565886298240708
 0.5630746564282786
 0.5654733573587686
 0.5708968603723819
 0.5700029246633952
 0.5695161926787652
 0.5707745757943266
 0.5707047319555608
 0.5701723877831942
 0.5680482475694768
 0.5700097089292421
 0.570511898420086
 0.5713249688087805
 0.57435943854217
 0.5794575038752344
 0.5788093351243144
 0.5767566579672229
 0.5787266588543579
 0.5802244551667364
 0.5835483806267834
 0.5865530793125584
 0.5829069797944745
 0.5815854227101565
 0.5832168587330556
 0.5829764775528985
 0.5826110982244141
 0.5844439414669848
 0.5831787462805519
 0.5815246433232919
 0.5823845228091616
 0.585769144566719
 0.5861543913550774
 0.5856979781116584
 0.5816808424591776
 0.5815612038082119
 0.5822666317684246
 0.5837902472714844
 0.5836715448749895
 0.582169597408979
 0.5820394916367226
 0.5796370108315869
 0.5747563484342655
 0.5708794147606927
 0.570644471015144
 0.5708524923381455
 0.5726913381870559
 0.5734564104416927
 0.5744673145558183
 0.5770492892646963
 0.5763779194143732
 0.5746769202321019
 0.5752599202693076
 0.5764386157542812
 0.574802639381744
 0.5760401335875849
 0.5767298748910349
 0.5741886812467847
 0.5725517208982368
 0.5723513191440807
 0.5693771240912971
 0.5695681381922367
 0.5701396403103908
 0.5688614058778885
 0.5682764399604817
 0.5698368820909864
 0.5690118088277281
 0.5696638298711322
 0.5627617176814614
 0.5584905396136707
 0.560013945900856
 0.5610934872031299
 0.5606315467406712
 0.5596814926009915
 0.5619612410197034
 0.5630825283891366
 0.5631562834819064
 0.5622830783972003
 0.5619090386889518
 0.5624669494333067
 0.564464801655625
 0.5680205364904662
 0.5688433619221632
 0.5735495972858137
 0.5750965985774135
 0.5765275252996186
 0.5761844989308803
 0.5751123971455421
 0.575198799705522
 0.5742070935397143
 0.5744784404895373
 0.5772656284466744
 0.5743367403743671
 0.5720339504896212
 0.5729788652460437
 0.5718516605989405
 0.5716016573806527
 0.5732165962510877
 0.5728219821624501
 0.5703132267663538
 0.5713241086101708
 0.5711876390607954
 0.5702758266925464
 0.5685307369178675
 0.5646702788681512
 0.5617726928525097
 0.5610052182089047
 0.5601912957894103
 0.5598422937440809
 0.5608555797662401
 0.5618133463160156
 0.5621683114671658
 0.5621878128022431
 0.5638863842890852
 0.5626411833701084
 0.5642132408261596
 0.5647770191593845
 0.5644268724405005
 0.5662124389764718
 0.5703332849077487
 0.5709665901293389
 0.5642678675506723
 0.5597606719467878
 0.5601897049392931
 0.5635224840784318
 0.5684558156179448
 0.5692032246134953
 0.5713025845326114
 0.5718790248868981
 0.5738123634399184
 0.569703989906186
 0.5698150038629666
 0.568588290391268
 0.5598999388703234
 0.5572965276608329
 0.5585157547066402
 0.5612339647266511
 0.563824093620279
 0.5672592542564792
 0.568270747880219
 0.5643794821226281
 0.5676388719660208
 0.5699318410343264
 0.5684967211158669
 0.5718430234683279
 0.5722575734176988
 0.5711992762956054
 0.5710086214114448
 0.5713524060129066
 0.5721258068866819
 0.573868431748794
 0.5742318673209335
 0.5772977811162298
 0.5794279727326105
 0.5802648670028835
 0.5812457089909376
 0.5831912270289558
 0.5878600523510636
 0.5903926250309316
 0.5942733872551798
 0.596329621937674
 0.5959341207541493
 0.5956791811947877
 0.594884003022859
 0.5933620560730678
 0.5930169306834406
 0.594130988349772
 0.5937409108348893
 0.5928885042473545
 0.5949630878222681
 0.5958881492542304
 0.595945925673632
 0.596696883309943
 0.5975178500436402
 0.5961301110470598
 0.5934780725736376
 0.5928472217266186
 0.5946491004618371
 0.5983332561818753
 0.5986102203543257
 0.5983126952620246
 0.5988523295418425
 0.5988080048788105
 0.5971308993197435
 0.5931063876824627
 0.5940620061877441
 0.5922510055668251
 0.5951314846585234
 0.6006784745142043
 0.6011778763993615
 0.6006403811129014
 0.6006064091768394
 0.5989550119150316
 0.5998342065622133
 0.6043824871739375
 0.604604031504706
 0.6083140327539637
 0.6098397034415527
 0.6095085635796543
 0.6090737906755139
 0.6098307908184463
 0.6089977305747531
 0.6072846974502281
 0.6052225361517177
 0.6010209857819615
 0.5977586509287819
 0.5974313509952442
 0.5993491390003722
 0.6004607913972977
 0.5992997325893775
 0.5993079820817588
 0.5995852410098019
 0.5969069102346916
 0.5975371162888543
 0.5978647684081281
 0.5969032656316952
 0.6006212690161256
 0.6013981336097282
 0.5975030425814127
 0.6007808416070468
 0.6003555833190344
 0.6010563567217564
 0.6024629430688964
 0.6014159490850124
 0.6034026581901862
 0.6034669558681403
 0.6002027303043919
 0.6003280785273893
 0.6002262531433707
 0.5987794578179892
 0.5979699159369478
 0.5967263020705059
 0.598182044662626
 0.5996144070672481
 0.5956317562112086
 0.5932024522969577
 0.5915733648998237
 0.5911537635466768
 0.5909764702258841
 0.5893291358030885
 0.5877786577520695
 0.5875817903816027
 0.5869134632559735
 0.5844805494407316
 0.585319177796421
 0.585397536330607
 0.584220209146555
 0.5833819507062287
 0.5846311029188892
 0.586553251664945
 0.5872096848211942
 0.586437238735108
 0.58772888210346
 0.5882670161453724
 0.5858272520992424
 0.5822811852485356
 0.5808688857432625
 0.5807417792594379
 0.5825321050254577
 0.5831523293171496
 0.5829274670038871
 0.5840772894321871
 0.5842160461223431
 0.5828466090201645
 0.5826491122496631
 0.5831108143912412
 0.5821635542752152
 0.5819550658863092
 0.5831376745119133
 0.5825683126851839
 0.5843114091589854
 0.5856438472824661
 0.5896302393941601
 0.5927717370091576
 0.5926615243099673
 0.5914631047409219
 0.5905807877281177
 0.5897843521365986
 0.5886241535972272
 0.5875553138851092
 0.5883797383508096
 0.5874000962908157
 0.5843556344262965
 0.5841195723681696
 0.5839924910977109
 0.5828129511637991
 0.5814394231995411
 0.5822983812356284
 0.5814704303321879
 0.581594100652708
 0.5826096795022385
 0.5829145235918276
 0.5819096894791727
 0.5807151034015166
 0.5799866953032699
 0.5813541875898148
 0.5814639523027431
 0.5855260745490071
 0.5840773185434239
 0.5811008243023863
 0.5785179289140512
 0.5757981374569217
 0.5760280454395652
 0.5739073297309806
 0.5725154239398008
 0.5715901056245175
 0.5694460902267398
 0.5694286042218701
 0.5714636958951741
 0.5728994208724232
 0.5709508777409297
 0.5677071849478252
 0.5673632074946542
 0.5698445644882099
 0.5691394971975138
 0.5685976429121753
 0.5656401559677469
 0.5657050059636204
 0.5696996675052268
 0.5685851301141053
 0.5704938517645839
 0.5705127454385078
 0.5702939824411556
 0.5641207480980897
 0.5619327686865311
 0.5651045321458574
 0.5634354331706419
 0.5625053324979128
 0.5618729803940371
 0.5605000646501545
 0.5618725250206279
 0.5627947518623122
 0.5647325067715115
 0.5678141205716065
 0.5680019708437963
 0.5665659457915784
 0.5676806027241582
 0.5695273925417269
 0.5684007315945561
 0.5668062871947892
 0.5644635703710541
 0.5657841224830431
 0.5658969506052234
 0.5649502455913251
 0.5649176182051117
 0.5657611918977451
 0.5675267780913441
 0.5688099580019755
 0.5701925124945979
 0.5695732648397824
 0.5711190326923902
 0.5709892371181197
 0.570736792974792
 0.5703692697829602
 0.5694143006841083
 0.5709744020276383
 0.5713120891128267
 0.5694984698279283
 0.5694880860362206
 0.5678496184237516
 0.5684065659185259
 0.5686182036255829
 0.5686023828709003
