# Created by Octave 3.6.1, Sat Dec 01 00:20:43 2012 IST <mudit@mudit-Studio-1535>
# name: th1
# type: matrix
# rows: 6
# columns: 4
 0.4504641819107584 0.5808014901757679 -0.8772957966334216 0.3982535854106533
 0.4588623848028289 -0.2062735139263582 0.3945938506008548 0.4851677348152576
 -0.6723715193322396 -0.03082288016616604 0.7555934444347466 0.5810437006493004
 0.1576728454621404 -0.1366209709359578 0.4994792723263961 0.5797822120224758
 0.5095780072193806 0.1362655168950241 -0.3312321334277918 -0.4445958296770063
 -0.0330985332388244 -0.09271223439684659 -0.2385210266109457 -0.7801310912296158


