# Created by Octave 3.6.1, Sat Dec 01 00:20:49 2012 IST <mudit@mudit-Studio-1535>
# name: th2
# type: matrix
# rows: 1
# columns: 7
 -0.5043786314825438 -0.6487308567057827 0.7506071524624236 0.8268824110581238 0.04694500824300714 0.4442187268587464 -0.7970813055496259


