# Created by Octave 3.6.1, Fri Nov 30 15:38:48 2012 IST <mudit@mudit-Studio-1535>
# name: p1
# type: matrix
# rows: 1811
# columns: 1
 0.6119617939646493
 0.61253883723015
 0.616768178110676
 0.6162568758638884
 0.6186913569764811
 0.6210310300141311
 0.6203976254533238
 0.6186519738475854
 0.6200614430936833
 0.6260609210902822
 0.6225919533679024
 0.620694252737015
 0.6223287104283728
 0.6213555466793786
 0.6236333600473039
 0.6230045545954043
 0.6217395760300475
 0.6234091490035347
 0.6230512691732268
 0.6202158998103532
 0.6173033813965432
 0.616628736647025
 0.6142983571399862
 0.6189475166839898
 0.6191998119266444
 0.6162149025466328
 0.6143489624433154
 0.6171976892997395
 0.6249286067001064
 0.6207620362580484
 0.6164200525040424
 0.6231318724353305
 0.6241563201102251
 0.6231163199575335
 0.6184039678485603
 0.6205040060947218
 0.6221952188992519
 0.6192639529722584
 0.6196745288915719
 0.6241796089297578
 0.6239502746973555
 0.6218128081218914
 0.6264817534611005
 0.6284673888297546
 0.6246372394164466
 0.6252636114221359
 0.6229150839248931
 0.6251869161840105
 0.6298013969130813
 0.6268330657420174
 0.6217348804850384
 0.623209126985084
 0.6241866285329892
 0.6242698958434262
 0.6239584549623896
 0.6265114069819541
 0.6241609208851351
 0.6236475509596663
 0.6231901602898089
 0.6264874443437026
 0.6271102049944439
 0.6232721170552826
 0.6214438178390217
 0.6215010281541019
 0.6247160429552828
 0.6257539050254372
 0.6216859924332627
 0.6195517328740169
 0.620611939595881
 0.6187209611603612
 0.6164782483606682
 0.6167367451626277
 0.6185923653131365
 0.6233142582598999
 0.6235857909489234
 0.62172476963309
 0.623339119691532
 0.6251323414059734
 0.6214378633922697
 0.6205955823329433
 0.6229921185215388
 0.6219148412759232
 0.6203163254419848
 0.6226922980294151
 0.6199860530090019
 0.6188377979154638
 0.6191393562564452
 0.6182316230948702
 0.617195112814485
 0.6206359317281062
 0.6188403250952004
 0.6206166109956424
 0.6177073947635395
 0.615422909647855
 0.6202165559438263
 0.6171925198946701
 0.6118725352599127
 0.6114279283150035
 0.6166803131303984
 0.6205085377614781
 0.6175551506451363
 0.6168575973457698
 0.6186061334647401
 0.6202758096122166
 0.6185427658807992
 0.6197398070212187
 0.6180059655255741
 0.6217240484626299
 0.624363673861131
 0.6241524241958252
 0.6255092799818246
 0.6247978568266719
 0.6251589377993799
 0.6242846651663838
 0.6203122409280458
 0.6233223769053704
 0.6210386642801689
 0.6187045975471783
 0.6233090901052719
 0.6223342172885182
 0.6190673164342275
 0.6194218042101506
 0.6204840336720396
 0.6192506259581738
 0.6209782718757032
 0.6219111639970687
 0.6198336867064274
 0.6189519082227333
 0.6180406985974778
 0.6179677044479844
 0.6181582900864557
 0.6153566162466108
 0.6132284188593465
 0.6142713183189229
 0.6156666881351741
 0.6172275597308787
 0.6165207820044182
 0.6195080034160751
 0.6186129141772813
 0.6186278157810577
 0.6200475166096704
 0.618498881540088
 0.6191564262994063
 0.6213964326132121
 0.621908215666605
 0.6182236457427831
 0.6177681317924253
 0.6229130842545388
 0.6194176717159536
 0.6159565071198929
 0.6125374591087077
 0.6188173581802993
 0.6240996000794167
 0.6266051470342446
 0.622546986368666
 0.6203731165696899
 0.6244793391080994
 0.6169282769601679
 0.6144643895349214
 0.6177892451451545
 0.6146821197654945
 0.6126069665958999
 0.6129324635187914
 0.6200346363543973
 0.620140315579471
 0.621909549814379
 0.6260997263111043
 0.6183945983556921
 0.6198221951684894
 0.6227212370837343
 0.6216108509295326
 0.6225402911337395
 0.6221008999032429
 0.6217010016305126
 0.6222094760469155
 0.6198376143972766
 0.6224434084501175
 0.6248352014827158
 0.6236738413001301
 0.6251135985177076
 0.6259647367472025
 0.6287072408047839
 0.627722192349869
 0.6274397656779588
 0.6308224435812801
 0.631169091274958
 0.6320841209287432
 0.6322320391930506
 0.6296577181193059
 0.6279911827614161
 0.627298245714134
 0.6267065207263011
 0.6249511505108264
 0.6274091809072653
 0.6288449829110128
 0.6273099419205971
 0.6276976230723916
 0.6294525655160507
 0.629605033729925
 0.6275251363704013
 0.6277978603517819
 0.6284613348199298
 0.628435016184521
 0.6258907569119239
 0.6257144143768218
 0.6308379013871754
 0.6319989631198427
 0.6308732417675749
 0.6257892998595681
 0.6284235635543428
 0.6278785633381616
 0.6246134423624284
 0.6279939561359291
 0.6268195791738052
 0.627123635350048
 0.6323706517050738
 0.6332230110428916
 0.631134203976123
 0.6321457098240569
 0.6278371901536249
 0.6297738323648618
 0.6334617590819274
 0.6336163413209781
 0.6345026244175813
 0.6352221458175185
 0.633835902256477
 0.6316683485214333
 0.6305671729840516
 0.62985895957625
 0.6283968443646151
 0.6278179687394959
 0.6267653716821308
 0.625473189874954
 0.6242774646259645
 0.6267340004870539
 0.6316725690971179
 0.629027001597702
 0.6278368835458289
 0.629312614170905
 0.6265166961411686
 0.6280267737967843
 0.6307588488744952
 0.6251532560350173
 0.6309919752337965
 0.6324436001714543
 0.6286431178100588
 0.630235763844776
 0.6281599799820181
 0.6307738282368339
 0.6330661286699353
 0.6277599919422019
 0.629986472272864
 0.6314902549451614
 0.6281707433155403
 0.627296247087463
 0.6266520637427521
 0.6278181695156756
 0.6300631927775646
 0.6251561367753892
 0.6256045173018401
 0.6288459686337623
 0.6275575985671099
 0.6251839103299994
 0.6222142750673164
 0.6227709826368139
 0.6254014246471521
 0.6256730016205373
 0.6224743008622851
 0.6233056188717727
 0.6247302618663485
 0.6231880666139348
 0.62251450911182
 0.6242326504439436
 0.6254830133727475
 0.6249352742208513
 0.6231246707769565
 0.6261491792928724
 0.6283574640705605
 0.6260099682938101
 0.6233674596913685
 0.6247322332933638
 0.6245674018716224
 0.6227323559860837
 0.6207688604828736
 0.6205895021645648
 0.6242355455187086
 0.6263398979464854
 0.6245142181185264
 0.6242719248340957
 0.6251948853759236
 0.6243427753971799
 0.6225216090514754
 0.6244277452407532
 0.6234003286702939
 0.6242863567510618
 0.6245809768718625
 0.62578340979463
 0.6280737277751938
 0.6270776803465731
 0.6279045675737273
 0.6306475631689659
 0.6299794765798441
 0.6275061735676349
 0.6241187454184672
 0.6246671580080122
 0.6254485038717934
 0.6225023452803707
 0.6238815211746531
 0.6252197069202169
 0.6234038422780506
 0.6209634350377907
 0.6228715569625156
 0.6234942754282898
 0.6225426356914108
 0.6230086037511537
 0.6239118452965967
 0.6232585132533064
 0.6238818301226388
 0.6231807551840713
 0.6254630451708098
 0.6221025862306654
 0.6237841187165627
 0.6242810044168788
 0.6223375389402894
 0.6255804707790921
 0.6244021896163438
 0.6231325329098311
 0.6196727763941157
 0.6162129457921182
 0.6194810194064502
 0.6188428821807426
 0.6184207214367198
 0.619520313948262
 0.6193497149127056
 0.6185832915900553
 0.618522233534293
 0.620600430902674
 0.6234085493148058
 0.6184653363844164
 0.6161416525692445
 0.6183444117542698
 0.6189129957704632
 0.623475642344358
 0.617484538856959
 0.6171361409708309
 0.6206628372912412
 0.6224928602248124
 0.6205363829878709
 0.6170344569864947
 0.6217713702427806
 0.6178353399332261
 0.6118226400737278
 0.6159790200294657
 0.6170334084261058
 0.6188724345247044
 0.6172137412894778
 0.6156996877841817
 0.6194987144498386
 0.6199873777906507
 0.6195591932497542
 0.6217928933208225
 0.6237970300140747
 0.6204094741595619
 0.6188127740165336
 0.6186176578975391
 0.6209898733773018
 0.6202568700486103
 0.6158366439485836
 0.6167367024828337
 0.6190544105074229
 0.6201777520231022
 0.6191557870886898
 0.6198100634040328
 0.6202401288984155
 0.6223781346910869
 0.6229126326627134
 0.6210252540469791
 0.6213811059469269
 0.620543844972364
 0.620964554361097
 0.6218633404655737
 0.6180756254711824
 0.6203595049172335
 0.6205089344622067
 0.6200134199957348
 0.6199657627619648
 0.6178488566166578
 0.6192931863141655
 0.6188543133101465
 0.6175565796769891
 0.6202704401223764
 0.618121223115603
 0.6157131579612876
 0.6172103429614625
 0.619511223462634
