# Created by Octave 3.6.1, Fri Nov 30 15:38:59 2012 IST <mudit@mudit-Studio-1535>
# name: th1
# type: matrix
# rows: 20
# columns: 11
 -0.2175126713957367 -0.3834071194848614 -0.1510041350848804 -0.5801679109916079 0.3570251290403961 -0.7430536812543951 0.01272630671566088 0.6718753561388995 -0.7029332389632755 -0.741360422026718 0.1174687869262336
 -0.749279406500712 0.798010553382407 0.5171639393637605 -0.3094747663323141 0.05154346126035802 0.125345634025955 -0.4262387085360168 0.6274078170517637 0.5653676496315264 0.5676196333555623 0.1890640796261383
 0.5432149175862704 -0.6774123698173034 -0.6005497341595458 0.285303043422135 0.471398454837727 0.4676332835511841 0.1539927087699767 0.4888328127459381 -0.5897277722226923 0.6437099078307993 -0.001812274823494541
 0.4281886802046186 0.7815845957954235 0.6998042985418408 -0.2792732357667496 0.1374032125624057 -0.3682853740725304 -0.04335592664606579 -0.7963263506978829 -0.3650152009496428 0.2901396952336999 -0.2096770433827116
 0.7923032162593416 -0.2561564258214675 -0.3843846891902396 0.5063283309495522 0.4925916572531385 0.526454825113493 -0.6275672047880408 0.7261533285033609 0.426943301443959 0.1890927678384219 0.2726115953035048
 -0.381614341640058 0.02586896867940563 -0.2811802309848519 0.4859719759785815 0.3109196616046911 0.7540359085440625 0.7434388142055051 0.1923556320129124 -0.3533902820836377 0.03532556871967901 -0.3572907141278164
 -0.6674988186979093 0.2639877400977054 -0.7184179576129642 -0.1504428644987598 -0.5054798492096761 -0.6057002153661716 0.648505119373624 0.3690053447252289 -0.1253706371031993 -0.4756864698406489 -0.2761201374023344
 0.1761770932938496 0.6317376617912893 0.3590169650055188 0.06183110819293654 0.6239239093683548 0.3536360012688875 0.6158999292578887 0.1794569191504016 0.2810817794663225 -0.7271612976881424 -0.2570320739993223
 -0.3207790922579281 0.1299987561474665 -0.4528779845299075 0.06291907434265868 0.517238193696051 -0.7658820812541034 -0.188201523552167 -0.2598417525856891 -0.759801558612812 -0.3770158605696903 0.5137228955241091
 -0.1962351933866089 -0.4406402180820258 -0.7200565984547511 -0.4250483669817373 0.6911252590407112 0.7329577355591941 0.4115382722414868 0.0454915788188295 -0.7268365823888937 0.2988547042533372 -0.6619732660730443
 0.6393809723147271 0.7610066705581587 0.2713026303639231 -0.07930276609967662 -0.09964847913470931 0.5126278024418948 0.06672280811425696 -0.7096258698041267 0.4110855037182955 -0.4248106836919038 0.02513437071318185
 -0.8103032942823719 -0.7597521136223594 -0.09939471229769525 0.004970893994755435 0.6411612729738512 0.09911140787493142 0.1466848496083235 -0.745213128725247 -0.003576573445396729 0.5096128447017207 0.5482311817770026
 0.4861660869795997 0.2763454902705406 0.02095550955045185 0.03782599027753944 0.3847365050810184 0.3035144349195268 0.7219644567372753 0.6817548155831398 -0.7188312735858901 -0.0851880920237186 -0.6143822526801159
 0.1303412238688131 -0.2005998076105088 -0.5080506806080169 0.2946621656925459 0.6155573531219202 0.4476861669227232 -0.2544730242763872 -0.3425113894443826 0.5175356025728518 0.6953708180517321 -0.8215862774144995
 0.03010648970715057 -0.7459481275685337 -0.7778494121644695 -0.6036242071718249 -0.2088246478799244 -0.1659824458500196 0.5734344615300689 -0.5482395699144093 0.01323064568300394 -0.3661074388489746 -0.7337554999926602
 -0.01751856795907818 0.2074481963003752 0.05702287461478448 0.4461279517723958 -0.3157943730551973 -0.5264789152051159 0.1862325875814971 -0.340443434596853 0.1228475229763068 0.1533939944552279 -0.4545865343753233
 0.3934875783850207 0.1799009748190278 -0.4172063882390191 0.4114144620610468 0.5390578382843377 0.2026733970435945 -0.713636585288498 0.4457971513374357 -0.7754969049678511 0.7646153542457828 -0.2168081426796207
 -0.1584626347345162 -0.43134315157977 -0.7885994087438211 -0.4537458256609062 0.6345837432837624 -0.4379347859268621 -0.08862187870483196 0.4722388793289241 -0.5006979235390447 -0.601744257800602 0.008395927062070083
 -0.1866827340885619 -0.07369229700177854 0.2248829692447059 -0.2857023126000218 0.1385465919016814 -0.5404150083235953 0.2322018691205399 0.6718663877813457 0.5235455335227986 -0.3626416927321653 0.09705504821238004
 -0.05808548509536879 -0.05390930147781973 -0.1153668634084239 0.1250671464617646 0.1197242088134264 -0.7796434811896833 -0.4329982278640934 0.4551970821608404 0.7762575176867113 0.351082601072275 -0.4992895072507211


