# Created by Octave 3.6.1, Fri Nov 30 15:38:56 2012 IST <mudit@mudit-Studio-1535>
# name: th2
# type: matrix
# rows: 1
# columns: 21
 0.8999535900232463 -0.08198128254177718 0.04070908417646041 0.5399005127152586 -0.2764548635597672 0.5610613415668317 0.1532850715817762 -0.51950321050897 -0.23325276979676 0.1011962701284234 -0.5639236071397815 -0.5624102742644317 -0.5044581291938245 -0.373008551096099 -0.6544573228160564 -0.2333422673050881 -0.07786900383458709 -0.1336774686769091 0.3409009392893482 0.6284739509431164 -0.2207320434257932


