# Created by Octave 3.6.1, Fri Nov 30 15:35:01 2012 IST <mudit@mudit-Studio-1535>
# name: th2
# type: matrix
# rows: 1
# columns: 21
 0.0557988178998456 -0.04341935720505394 -0.7480184357489024 0.3796127634327745 0.3867546021678558 0.776758721366556 0.08613140677269296 0.7838572697837212 -0.3894247561979022 0.6771768403049172 0.4981176639053161 0.2593114845145635 0.8253212547964408 -0.01345441339105492 -0.2346350334504537 -0.139959789179847 -0.009327038459528716 -0.75075971921993 -0.7284187129176692 0.04441138911619812 -0.6167962154614754


