# Created by Octave 3.6.1, Fri Nov 30 15:45:59 2012 IST <mudit@mudit-Studio-1535>
# name: p1
# type: matrix
# rows: 1811
# columns: 1
 0.4581644401143577
 0.4558552075290538
 0.4458003808245278
 0.4495849150374068
 0.4421883168907625
 0.4455189403230888
 0.4424070778421074
 0.4486312352853461
 0.4540320766858739
 0.4521114144263613
 0.4639608582911662
 0.4649440747145392
 0.4721165380267185
 0.4748476465097097
 0.4767814136345758
 0.4857060951389505
 0.4843502998685876
 0.491126291792754
 0.4957405257644589
 0.4977890588134993
 0.5033948775036176
 0.504230994611344
 0.5078701866552956
 0.5030650864308118
 0.502691131677279
 0.4957573474251983
 0.4945060394588934
 0.4931534803046872
 0.4792923322321679
 0.487299624528465
 0.4815645523630616
 0.4814973353826694
 0.4823375927552267
 0.4825038173301904
 0.4943367292538229
 0.4886669058150975
 0.4921802025304692
 0.4980263646983922
 0.4943496496493586
 0.4937906290799825
 0.4896082723170418
 0.4960879464832999
 0.491989020824238
 0.4955838127119513
 0.496928680091702
 0.5007314689154575
 0.5068379486139262
 0.506866898968982
 0.5137447579409393
 0.5162375193242621
 0.5175911043363443
 0.5228203912928685
 0.521799818772635
 0.5240390263250397
 0.5276791531841055
 0.5228777096312667
 0.5216363529628076
 0.5234476738588045
 0.5250478600733121
 0.5243011139969519
 0.5243456348223652
 0.5291133819800327
 0.5236370213681194
 0.5304073561429787
 0.5239774297330133
 0.528244440051493
 0.5281667448031291
 0.5294582739012526
 0.529268011822396
 0.5280806512361788
 0.5273422829329589
 0.5224962328748145
 0.5172067775620723
 0.5071899076355016
 0.5063669046599516
 0.5007341170119473
 0.5001891269639479
 0.4998992535162536
 0.5027247918524816
 0.5063970316684463
 0.5058942803464577
 0.5082397844011605
 0.5097458914302404
 0.5112134864739633
 0.5104952675632241
 0.5110643017119951
 0.5120149752435266
 0.5096603872881429
 0.50763142494167
 0.5064968786736603
 0.5025433224786455
 0.4976121051699912
 0.5014222230355119
 0.5019903247270507
 0.4958934705044276
 0.5034433559722397
 0.4939909594967317
 0.5000407122241297
 0.4893388044472197
 0.4838644676218394
 0.483965831469342
 0.4774172386556871
 0.4766678087915602
 0.4736183475933157
 0.4790781015984501
 0.4746307870393941
 0.4783492642543576
 0.4740730779457146
 0.4755139178019543
 0.4768428022939246
 0.4750918268546045
 0.4857335309190542
 0.4826575464680287
 0.4955074780809632
 0.4993004469466377
 0.5007870424068757
 0.5076930690585152
 0.5090749066903313
 0.5084417973080368
 0.5110196446247618
 0.5070029997908467
 0.5108356950043846
 0.5061894142165455
 0.505973877001768
 0.5070446176417046
 0.5037538546598433
 0.5024645909158391
 0.5027952607166538
 0.5061183715404912
 0.5026017367142912
 0.5061364697865425
 0.5048595618505629
 0.5019632283420665
 0.4993921856834036
 0.4945626087061498
 0.4881738955891023
 0.4862055850712449
 0.4783981848397962
 0.4777482374910441
 0.4760795596552056
 0.4751071278475271
 0.4787622599914698
 0.4754221908234535
 0.4802499397858422
 0.4748747300525538
 0.4827842348847124
 0.4861472038787248
 0.4857606017254189
 0.4901645217955424
 0.487787341411245
 0.4929591046782681
 0.4832688465162873
 0.4838728580266686
 0.4810513857005136
 0.4800335586848556
 0.4858776732656795
 0.481269876941181
 0.5009502916295385
 0.4982509792476608
 0.5080550087677319
 0.5021057171790824
 0.4990327764741647
 0.5002029136698791
 0.4812933502273727
 0.4848104376645359
 0.4776838384639942
 0.4727659658673434
 0.4781425265416924
 0.4751872398663545
 0.4855748574177314
 0.482046361970579
 0.4883686248831779
 0.4941863193557619
 0.4881194916411425
 0.4950229282410579
 0.497259892144701
 0.4945406538209636
 0.4955279942618883
 0.4976741779274815
 0.4946090142131339
 0.500265168337364
 0.4955526436302071
 0.502066952526533
 0.5032005175609907
 0.5041360021929602
 0.5118112782518586
 0.5134984441094739
 0.5242875628677804
 0.5282665166864722
 0.5370795435218872
 0.5432866405202541
 0.5460266548247684
 0.5508793033316981
 0.5495029389610511
 0.5483409032598811
 0.5469984413235285
 0.5462561644683317
 0.5455090684150418
 0.5436223257561295
 0.5494445384728354
 0.5496089408815796
 0.5506000274070733
 0.5496040783266939
 0.5513403121719989
 0.5507067594154242
 0.5469293474194321
 0.5495770455712435
 0.5466449631355652
 0.5553765019705106
 0.5513190637001689
 0.5569186071580612
 0.5596245867122552
 0.5523483806910784
 0.5562508142647306
 0.545817519608412
 0.5507891885689074
 0.5464603200862369
 0.5478638223261895
 0.5498540962574112
 0.5533060943978468
 0.5511700376412291
 0.5559337344509566
 0.5572340912451692
 0.5546617246615193
 0.5642989597466482
 0.5603322452276712
 0.5705312398054797
 0.5740518612915808
 0.5796293163997304
 0.5828143743162235
 0.5856655611426488
 0.5834804211697893
 0.5790111437825837
 0.5778023112685682
 0.5714357510899978
 0.5647294235718342
 0.5645303739351664
 0.5602398480591432
 0.5587571702967298
 0.559953709410913
 0.5564934771655384
 0.5577678981246106
 0.5583682196173917
 0.552635693339857
 0.5578613438660796
 0.5532637341771363
 0.5532386164495301
 0.5622788795996611
 0.5498730759767472
 0.5609010035585104
 0.561271568830782
 0.558442030668256
 0.5648506092053229
 0.5633392198318428
 0.5654595708730203
 0.5692736129245303
 0.5635172074183258
 0.5628820531995903
 0.5659437199846294
 0.5603647791036283
 0.5620324391644214
 0.5607163362575774
 0.5579667285262986
 0.561924305193642
 0.5547622841567506
 0.555069290184781
 0.551543964554206
 0.5498984528898253
 0.5452122504912846
 0.5420282511208226
 0.5403030555714616
 0.5380687779381073
 0.5371123696693193
 0.5301479330827185
 0.5306877464649985
 0.529677100176459
 0.5262540198994193
 0.5253074881809031
 0.5277813029545384
 0.5301541854383488
 0.532246294445574
 0.533016972934822
 0.5348099809848956
 0.5345178010903803
 0.5328834039807854
 0.527545412543945
 0.5268609630944783
 0.5238489512854352
 0.5228302455534369
 0.5223548921938588
 0.5224335602531122
 0.5258440671782091
 0.5246355833132307
 0.5258410291688894
 0.5232962610405113
 0.5246493801936416
 0.5209593516755088
 0.5166842788158169
 0.5213286188396175
 0.5175215952388335
 0.5235238717097167
 0.5251933515277527
 0.5309481428675706
 0.5374257776308168
 0.5387374164235075
 0.5413053977281824
 0.5454980927839977
 0.5427274145039106
 0.542145975252983
 0.5389591036681449
 0.5396542141436476
 0.536646445717989
 0.5326082084701607
 0.5327762310548289
 0.5289984551312052
 0.5267083705962516
 0.5232857365909572
 0.5249740814203718
 0.5239174588777379
 0.5207666802156939
 0.524759776131159
 0.5198422606699746
 0.5199743287988023
 0.5230667635766247
 0.5185478851107621
 0.5279206490203523
 0.5196474313377575
 0.5294250364223865
 0.5274520815964452
 0.5241348207510755
 0.5278025616368822
 0.5194362976963989
 0.5178064026121547
 0.5098981630227866
 0.5063475223254515
 0.506392809158551
 0.5026616215784384
 0.4989115643969749
 0.5008339313044332
 0.4994313187695713
 0.4988764170676827
 0.5007078211019922
 0.4926041932034189
 0.5007289617370032
 0.4898225204495108
 0.4930755613663682
 0.4908200175163412
 0.4899803284763911
 0.5011309654851691
 0.4882615089281453
 0.4999167461523168
 0.4962327903798176
 0.4984761870098343
 0.495629263262364
 0.4881670184920714
 0.4925796214212189
 0.4832360142307757
 0.4783831944002636
 0.4806367216567681
 0.4770128815610023
 0.478559799215194
 0.4772066664228519
 0.4801899471023648
 0.4839719949987454
 0.4890980155361529
 0.4886723208407368
 0.491498013436187
 0.4960544721944427
 0.4910031162429886
 0.4938454362545915
 0.4881310408300136
 0.4900088611774618
 0.4856523462779908
 0.4850478109612665
 0.4843786566326687
 0.485059067621111
 0.4884271123163842
 0.4872474154909004
 0.49462978878179
 0.4919363041137529
 0.4961619319143693
 0.4988780783021517
 0.4960514575898942
 0.5007983953035799
 0.497587218218753
 0.4983887961940292
 0.5006287100050623
 0.4943033974962661
 0.5004424644280527
 0.4975633935289508
 0.4961730564432782
 0.4966451706943401
 0.493509505993436
 0.4933983136689219
 0.4898721935787886
