# Created by Octave 3.6.1, Sat Dec 01 00:57:58 2012 IST <mudit@mudit-Studio-1535>
# name: p1
# type: matrix
# rows: 1816
# columns: 1
 0.423968351077015
 0.4143155208373489
 0.4133335953043153
 0.4073727885326195
 0.4071007159076069
 0.408248373525003
 0.4147511388248962
 0.4233371347370442
 0.4255337035376392
 0.4333568390834229
 0.4369201045560913
 0.4443660585426666
 0.452353170129046
 0.4608157951399898
 0.4680453362545296
 0.465361074951197
 0.4714030681211149
 0.4749461255421147
 0.475939012198997
 0.4847884064645561
 0.4894944917616608
 0.4916806981386223
 0.4918175309318413
 0.4855492360265297
 0.4776868025789731
 0.4743820108863189
 0.4732969692503332
 0.4654080362535172
 0.466011961556562
 0.4590534946738338
 0.4594909026286144
 0.461970868028805
 0.4635670629325506
 0.4691649448975082
 0.467952890536352
 0.4752663011772984
 0.4834347120376752
 0.4796751644762549
 0.481919363593105
 0.4791615200459154
 0.4806853585280094
 0.4781765289782794
 0.4783099207488953
 0.4826797368544035
 0.4906798076191493
 0.4964390814495391
 0.5015956916169415
 0.5088329883475143
 0.5061194706959605
 0.5068758724824196
 0.5178782831157106
 0.5197336705568357
 0.5237805549011142
 0.5247567443881306
 0.5187049769030614
 0.5171431770667302
 0.5224827263296126
 0.5207143518615783
 0.5205894837664492
 0.5200575593205964
 0.521397607535912
 0.5199735375985222
 0.5273836042230204
 0.5266733567973042
 0.5253339196654575
 0.5203471385291003
 0.5165843391257281
 0.5192937064531202
 0.5196878328649509
 0.5218233475398988
 0.5184376639680969
 0.5122080480256282
 0.5039602732631311
 0.4954017024527981
 0.4846517858083454
 0.4822810691058864
 0.4847597390963336
 0.4867757314190578
 0.4936965157109615
 0.4957113248236652
 0.4975624582412624
 0.4990061842133018
 0.4988617592399146
 0.4946783820911473
 0.4976095476567188
 0.499415110246997
 0.4966094985142563
 0.4957222297914166
 0.4955197498014133
 0.486182806523517
 0.48383049694579
 0.4817789456808494
 0.4780871687830393
 0.4764365148985865
 0.4799576070982479
 0.4742650577576791
 0.4794317569853345
 0.474948286703659
 0.4668784500740482
 0.4618583279665172
 0.4493678170998259
 0.4475764569244566
 0.4490974281651491
 0.4523808575220585
 0.4520807913979246
 0.4537368001481032
 0.4575127544968506
 0.4574681510253679
 0.4574325187508612
 0.4552667903395953
 0.4618298422767366
 0.4629056347663028
 0.4752224628899007
 0.481963069510971
 0.489125259878172
 0.4971564933934229
 0.4980417455069849
 0.4991437695546856
 0.4969906702252685
 0.4932885866754445
 0.4974871868804006
 0.4949210316002718
 0.4939541780832538
 0.4962059826430635
 0.4883971430005496
 0.4856595988158504
 0.4876228042857497
 0.4876499977736845
 0.4850130927243035
 0.4878626137645764
 0.4848032916569271
 0.4815828168178904
 0.4826461127189219
 0.4778463466082222
 0.4708840956037685
 0.4636980985290873
 0.4554012603414312
 0.4504332806348631
 0.4504867758828165
 0.449879285981495
 0.4524001508116673
 0.4527954793047042
 0.4580727314223219
 0.4558770760623236
 0.4589793868684951
 0.4612633220930331
 0.4601564312858493
 0.4635150460789742
 0.4673492182819491
 0.47298066863245
 0.473881587329019
 0.4726569098686049
 0.4655445886189937
 0.4521964180221591
 0.4558267599653281
 0.4602058878081852
 0.4740565772722455
 0.4788473208356354
 0.4862704521350534
 0.4846866630211307
 0.484752562278372
 0.4865063330988488
 0.470618061842313
 0.4657025044703951
 0.4553035089847234
 0.443975734707952
 0.4462419435900045
 0.4538900517647279
 0.4652621774711098
 0.4654787551786803
 0.4717095524355703
 0.4739684781184502
 0.4677839305189729
 0.4791488909875216
 0.4816402079813951
 0.4816021673636399
 0.4858661790415985
 0.4854172092682336
 0.4830756767524388
 0.486412563481179
 0.4869002399234389
 0.4925203841015391
 0.4981162045553834
 0.5019497124684237
 0.5097270105862424
 0.5124806817613721
 0.5199217874267716
 0.5249139507502076
 0.5361395213455115
 0.5478582461468752
 0.5539171975145312
 0.5601030073323708
 0.5609986270012944
 0.5579736399262372
 0.5555096990892228
 0.5540296368405131
 0.5526610699729448
 0.5514575050472563
 0.554692436467537
 0.5545878958111529
 0.5557148736124435
 0.5599442775300281
 0.5620955949630279
 0.5625104934355003
 0.5610214131967366
 0.5592779065785272
 0.5544118209464221
 0.5553183296048908
 0.5583278245649479
 0.5638739547673285
 0.5696353052500983
 0.5681115517746426
 0.5693309452248817
 0.5630334258735078
 0.5633079223041322
 0.5543391978011922
 0.550604286305969
 0.5581570875137483
 0.5606108487916397
 0.5696699287197239
 0.5771068863089256
 0.5749263191658662
 0.5711409402541817
 0.5764918659039983
 0.5740328192358015
 0.5843259574285201
 0.5924753855973619
 0.5959470845191451
 0.6007481337577401
 0.6024405434842132
 0.6009472958198668
 0.5992800074354265
 0.5984182238422641
 0.5915871748558788
 0.5833117361522285
 0.575067161594237
 0.5682809864612931
 0.5670532832208618
 0.5687934980967139
 0.571443947763088
 0.5734767909017003
 0.568152176222146
 0.5683055942373799
 0.5676775476518464
 0.5623356592022877
 0.5664040208674119
 0.571156359040899
 0.5662600478771731
 0.5761937050138273
 0.572325069809292
 0.5698379398453687
 0.577450694652073
 0.5750624319084664
 0.5788018595959042
 0.5817707590618295
 0.577998746317299
 0.5801809889133206
 0.577174042609496
 0.5712417282493024
 0.5716061832977571
 0.5684027691350345
 0.5654332773500284
 0.5676435324157769
 0.5638541689445568
 0.564858000170516
 0.5601868780570473
 0.5510771436906052
 0.5474497548464731
 0.5442238720927774
 0.542182016820373
 0.5393930338631133
 0.5367539977900152
 0.5310249493095442
 0.5311287308865009
 0.5283923539916612
 0.5255030749361248
 0.5255538101792689
 0.5250768113397045
 0.5244407879497764
 0.5268813653818805
 0.52921609536044
 0.5332072039944291
 0.5342534401907754
 0.5332773806474751
 0.5312740434726874
 0.527446810008031
 0.5190234736720726
 0.5151132065190571
 0.5155030121806143
 0.5168987655948364
 0.5210873832771727
 0.5224133402541558
 0.5216314850552806
 0.5224477472286739
 0.5217438949590978
 0.5193242705208477
 0.5179813162248563
 0.5204176663766664
 0.5169043780354057
 0.5204190120677664
 0.5216658550736272
 0.5260215628618595
 0.5342622042849112
 0.5406580189027896
 0.5475865292828787
 0.5496990284635707
 0.5465393256663749
 0.5431811548178879
 0.5394600565623895
 0.5380363998798703
 0.5364846017323599
 0.5321365357687363
 0.5319224374957245
 0.527137175062234
 0.5229500045684262
 0.5202748988159477
 0.5206598763470192
 0.5167851180741559
 0.5158273989489369
 0.5172462215103841
 0.5174105355433323
 0.5174977791730363
 0.5189609041929039
 0.5150889121187722
 0.5157923812843069
 0.5108231622039004
 0.5173750673729923
 0.5197273225504138
 0.5203118770867589
 0.5226064779533333
 0.5119211465527239
 0.5064465167258464
 0.4989699069232535
 0.4941311221474506
 0.492897361827993
 0.4860901691370608
 0.4827465968659858
 0.4810942646709636
 0.4812844102542558
 0.4829372869234667
 0.4840405531127813
 0.4805043303174815
 0.4782121635828741
 0.4729344985044046
 0.4760400014039376
 0.4768364511918614
 0.4706093441924238
 0.4743474393957579
 0.4674968763678733
 0.475727458556633
 0.4787326104126137
 0.481104334615915
 0.4783153157350873
 0.4712900456042032
 0.4695098525268805
 0.4579147752166051
 0.4577767718792768
 0.4614908356599829
 0.455072329107694
 0.4547365391850012
 0.4537217522811636
 0.454286768496064
 0.4611608353432183
 0.4657020712661946
 0.4694223687506849
 0.4728369219292559
 0.4744179065376413
 0.4720752584835598
 0.4756059031664714
 0.4725473152739952
 0.4701445249118424
 0.4667340555478043
 0.4640210648504798
 0.4663875996284775
 0.4652653482083254
 0.4663960666690208
 0.4676917162905678
 0.4738413489269013
 0.4754621903272753
 0.4802605181740653
 0.481387078497178
 0.4811971419999796
 0.4836386427319708
 0.4810045592244121
 0.481121609006533
 0.4820707950088443
 0.4792638626741457
 0.4831163652316317
 0.4788536674081247
 0.476605404077371
 0.4759088256722136
 0.4737852554743007
 0.4762001312072116
 0.4736963356745146
 0.4695198594263026
