# Created by Octave 3.6.1, Thu Nov 08 03:30:13 2012 IST <mudit@mudit-Studio-1535>
# name: Theta1
# type: matrix
# rows: 60
# columns: 31
 -0.1084281972700605 -0.5248216036214144 0.2704171529387647 -0.3109327965489039 0.711541320501396 0.7434322421563031 0.6339726882799531 -0.1774912932535209 -0.6678350509734337 0.3798688738378488 0.1312117767498517 -0.7009981603461642 0.3327162395575079 0.07239038771900734 -0.3785010531035076 0.4714514466435071 0.7509823297839942 0.6710430134133487 -0.6381045048362832 -0.6029153749356919 -0.4899706048849915 0.151494748372806 0.2003814670792185 -0.01916762961623548 -0.03894559148844472 0.4911638005559696 0.5793876317146901 -0.7863442242565812 0.5872993275764581 -0.5087692126741455 -0.002679827175466504
 -0.1688634032744696 -0.5696390139528599 0.1859103438515382 0.4130992048713385 -0.5482603919285034 -0.09596476151569433 -0.4559339824361833 0.5410464567599567 0.3802628255084382 -0.1622215809406409 0.8014724313664844 -0.2108016248164468 0.1257884069818168 0.4693006200435746 0.05095048444665615 -0.1476567816298462 0.5789454135210859 -0.716974826741549 -0.6732645531133703 0.3523870239311702 -0.1665167410486089 0.6883043454620629 -0.1733803974978749 -0.3697911354929619 -0.6954168600736305 0.5540007534111002 -0.3180318994850145 -0.7777711995464672 0.08648735730127462 0.6002008360684662 -0.2729154597578299
 0.3899749045786457 0.1249562536457649 0.72627731086891 0.4753865139179768 0.1643842956826939 -0.2529223627578771 0.4556846370111627 -0.2979148575741256 -0.2276437325172042 -0.4665196246832196 0.4250149921291753 -0.5931530985779183 -0.1884589337373399 -0.7218794701498945 0.2592350133839906 -0.7632918118284655 -0.4662485765589912 0.1965157196887748 0.09452692835425723 0.374214424204679 0.6407674830626483 0.09762301076619673 0.158919697839617 -0.2343810565294727 0.297385630971771 -0.4828700036734864 0.4802439859382311 0.1314658567820886 -0.3982381031225447 -0.5511619410748723 -0.1694334330243156
 -0.4750946338529023 0.4241359875292002 -0.3298209830612244 -0.4146731676542423 0.4264903472203303 0.7637796818046937 0.789968242303192 0.3355819600834885 -0.3418106179665383 -0.4118631185713512 -0.7022209475427135 -0.5166558931487101 -0.6767988718190594 0.5670442631899659 0.671610387238127 -0.04331616573700438 0.2412352281840605 -0.2514198558063664 -0.2858596516615135 -0.6277012899686534 -0.3346013383187371 0.6156220279501264 -0.1915202418917749 0.01029422170026442 0.1598815321807938 -0.1647813490086741 0.560215088698913 0.4385204858579593 0.05626765421480558 0.3386216682344365 0.4893207315658394
 0.7448289220245873 0.4392849430609129 0.2794207577143775 0.7771332241556098 0.7269486117882057 0.03296196630944039 -0.4893233171618747 -0.403278424246044 -0.7161975897155674 -0.6738873908520473 -0.3809765443231417 -0.1361970548308114 0.7181219518047121 -0.4873765636865863 -0.151719344259253 0.6264103121905397 0.3284356461219748 0.6408623369506258 -0.3092133173523907 0.4374456703336365 -0.5211508765746125 -0.6265976157820005 -0.2009116963099621 -0.3565296640688873 0.4312719298068838 0.3740069109069721 -0.4706174252273527 0.4577050028700064 0.6720690056987471 -0.1616052435748702 -0.3853597467334352
 0.5697137290620007 0.1386482404379047 -0.7281810250710573 0.1262044462633909 -0.6986901851184338 0.3214274256216449 0.4378130181818271 0.05635081409678023 0.2212198626367472 -0.1288552545124481 0.2203609282854972 0.6862884187677764 -0.6481815741403647 0.1730651254115686 0.2123207100792573 0.6549224452540303 0.03735893026263086 0.3025954952102263 0.2392283500967909 0.5154160271090913 -0.3945236421631595 0.6483560829221635 -0.350425993812421 -0.6231987074519112 0.1827580763224195 0.1850847805816919 -0.4173228856262572 -0.3078465149171973 0.5424267552255971 0.30390898608961 -0.2004241134968433
 -0.2108431947589902 -0.1778442393929429 0.6505495974424259 0.7255321896397137 -0.4293548145282857 -0.5521423332014478 0.2951275982580234 -0.1008945150939876 -0.05334406144700364 0.5231673892436878 0.4619490762791105 -0.5164977654018928 -0.1309194598859227 0.2217081594847319 -0.7220303584570389 -0.5664114794181214 -0.3610889255622274 0.09781229886508033 -0.427994550185623 -0.3317318236824298 -0.1081587637780584 0.2624551713113001 0.3183195878621503 0.2654514326188656 -0.3768684242091461 -0.3187986609421297 -0.4726127811103031 -0.6479819705981376 0.3602036731079177 0.3564270631068614 0.04051844939742618
 0.2523952792075655 -0.6044186849043007 -0.04931644591327656 0.7792130339332841 -0.004486591076705122 0.1793426117150467 -0.5627779977717097 -0.7823496028028978 0.5566592184547554 0.550534428004736 0.07377136733532204 -0.1223390801184538 -0.4928260130738525 0.323887445404815 -0.7454316854334142 -0.273358309017521 0.2720879916964874 0.6992516706433977 -0.299988367643313 0.1840816168380296 -0.2559940554153594 -0.5438142388009615 -0.04940156822881742 0.1897014936482676 -0.4290994433338667 -0.7449358259717245 0.1207563790378129 0.5873695212534495 -0.1130546445374559 -0.2870773640912762 0.2194739943951609
 -0.2076565831115272 -0.1970548470502431 0.4881721848541502 0.01553949583420083 0.07314688292364502 0.3312793212768222 -0.7728802411832643 -0.5710481684562799 -0.3846938825555683 0.7758577799281916 -0.2792831188864905 -0.2467349434903392 -0.07444456795345386 -0.7055726019810924 -0.2201074575710843 0.5085356315456586 -0.3346646493415036 0.7481918083973079 -0.3243230144443059 -0.1190125950042649 -0.03136326677319746 -0.6135783520739222 -0.1584729998670237 0.07022237866494682 -0.445639444014569 0.00262973398310157 0.4066707511894749 -0.3770019982671052 0.3832247002288632 0.3688605075437178 0.1968134753296572
 -0.1978228612442379 0.4306865400130075 0.6529110701393377 0.04350874703582558 -0.2816401408018824 -0.3041178254177297 -0.703456480093504 0.556142770947009 -0.6352779097916256 0.1505424659478031 -0.2202671218848933 -0.1875917124112625 0.04259750708442272 -0.1720626343582203 0.265266918014633 -0.08130486247594848 0.4549172474388986 -0.7583826228282531 -0.244034714623812 0.8014497530807662 0.09994677167018681 0.7986847517590797 0.6354727381799266 0.1350070069301628 -0.5735650289259299 -0.5700561973895147 0.416534688880411 0.2270356973071546 0.7828671303320737 -0.2774360792699981 0.640347024374933
 0.5545576948850109 0.2914111142183221 0.7874970597788872 -0.3803046709707326 -0.3096101748936758 0.686229061331629 -0.765740229891877 -0.04332541078255385 -0.4189841964204893 -0.2923502505468929 -0.4343741917256503 0.3368961545077763 -0.5111356836142734 0.6277015778551106 0.1444099158166867 0.1713094452633099 0.05287136023937327 -0.0689118450697265 0.6475027698753312 -0.6521328405566476 -0.5145914995991997 0.1609241023413479 -0.05966929989327835 0.7391898532277464 0.4589152574746052 0.6365648950965859 0.427532122120564 -0.3245113756391658 -0.3895748509498737 0.2303916320544949 -0.4159466213856718
 0.7411011467578159 -0.3950362018503921 0.7356750748947598 -0.6215848492239535 0.475982441249385 -0.1766693759132294 -0.1050241746993711 -0.7679741490772705 -0.3353930970481924 0.6394428334527184 -0.0166395445751274 -0.2121519787654164 -0.4217108553593295 0.6625346653862652 -0.727886028570333 -0.6899309895878385 0.2559008627456734 -0.4129341790889542 -0.2504320757846594 0.6267154423840726 -0.6826140312564729 0.5284752679133609 -0.1086909770190246 -0.2333369382875205 -0.6114795288811963 -0.1079773874419199 -0.2634633781274412 -0.7695739471981524 0.6754051041447585 -0.4019401585060585 0.09229853553769053
