# Created by Octave 3.6.1, Thu Nov 08 03:30:20 2012 IST <mudit@mudit-Studio-1535>
# name: Theta2
# type: matrix
# rows: 1
# columns: 61
 -0.04432504245149205 -0.07495675056637525 -0.7290317730934859 -0.4215631679998554 0.526744046613645 0.6455549686717437 -0.5660476887031168 -0.6912466203612643 -0.06414265960459756 -0.2704814453439077 0.3790311410747582 0.202227309832779 0.5143074689056791 -0.4568124402998108 0.004675452770257505 -0.338711120309595 0.03686646684371172 -0.2701811487300048 0.1437097153412558 -0.5139024648611468 0.1188518994351182 -0.7701397585125879 0.4531635422144801 0.1798423886758203 -0.2979137775256936 -0.1675586735372974 -0.6864280234301144 0.1104154690779937 0.2830987817436362 -0.5864798831386434 -0.2736944055609054 0.3289441639598748 0.5582591396225934 -0.03776328056715966 0.7881927396125543 0.7215891030624705 0.3342880180033732 -0.03346830731558993 0.2155635580422441 0.315266225844206 -0.6111333709001835 -0.001022306932863683 0.3890541101965297 -0.7136316871105438 -0.231452075663817 0.05740267068884641 0.1320375920122341 0.5112662547564116 -0.6997216573438138 -0.6491971802929013 0.4150413680617663 0.1193487310641494 0.242584598400904 0.01491752063899831 0.03682223259337022 0.3690454036925033 -0.3335911784042883 -0.6520214528797755 0.5655083877572102 -0.4404260175090182 -0.1086354382458208


